2 1023 4841
1 185 19
1 232 31
1 30 18
1 22 49
1 276 31
1 198 33
1 84 32
1 169 7
1 289 5
1 92 24
1 358 39
1 195 46
1 323 24
1 1 10
1 69 35
1 175 35
1 454 6
1 398 8
1 55 12
1 23 25
1 79 40
1 97 24
1 372 9
1 20 5
1 107 13
1 117 19
1 407 23
1 440 6
1 32 3
1 48 29
1 437 21
1 263 45
1 76 31
1 407 32
1 146 47
1 213 19
1 236 46
1 297 23
1 175 4
1 380 39
1 485 12
1 299 23
1 66 42
1 247 16
1 472 41
1 399 27
1 475 10
1 394 37
1 269 14
1 180 34
1 34 43
1 26 5
1 42 30
1 199 22
1 177 31
1 308 21
1 488 24
1 175 41
1 385 49
1 186 44
1 105 38
1 36 37
1 33 9
1 306 5
1 401 29
1 386 37
1 45 33
1 16 9
1 360 36
1 449 30
1 356 35
1 203 20
1 9 8
1 161 22
1 439 36
1 189 6
1 68 34
1 416 2
1 270 48
1 299 20
1 439 45
1 418 40
1 404 25
1 310 32
1 3 46
1 213 33
1 273 23
1 328 43
1 119 14
1 154 27
1 227 19
1 147 21
1 204 41
1 445 25
1 231 47
1 378 25
1 104 18
1 174 30
1 81 7
1 273 44
1 311 16
1 294 12
1 99 38
1 140 9
1 426 41
1 433 44
1 214 8
1 76 20
1 294 46
1 303 35
1 29 36
1 429 30
1 153 26
1 483 23
1 404 4
1 302 45
1 325 5
1 478 40
1 86 1
1 142 39
1 209 24
1 251 31
1 475 21
1 232 6
1 248 26
1 166 44
1 59 2
1 404 37
1 16 20
1 467 36
1 386 36
1 269 40
1 276 3
1 199 7
1 194 40
1 256 39
1 412 27
1 154 33
1 11 2
1 405 19
1 311 15
1 204 5
1 16 29
1 389 34
1 173 19
1 241 17
1 338 50
1 474 2
1 63 21
1 189 7
1 296 20
1 41 45
1 325 12
1 192 11
1 97 42
1 1 50
1 173 37
1 179 31
1 473 27
1 451 12
1 293 40
1 170 38
1 93 48
1 293 50
1 88 40
1 487 10
1 182 16
1 271 23
1 284 4
1 75 46
1 42 17
1 128 26
1 430 10
1 33 2
1 181 39
1 81 30
1 99 14
1 56 22
1 234 47
1 60 15
1 482 49
1 493 47
1 265 35
1 355 7
1 36 7
1 212 25
1 149 18
1 262 43
1 161 22
1 435 45
1 450 28
1 79 10
1 205 45
1 363 49
1 495 20
1 448 40
1 67 10
1 33 5
1 219 26
1 322 8
1 135 22
1 211 19
1 468 47
1 44 8
1 295 9
1 101 37
1 293 16
1 120 22
1 153 23
1 488 14
1 169 21
1 264 14
1 44 32
1 236 44
1 307 38
1 223 26
1 32 38
1 303 32
1 249 12
1 179 38
1 200 23
1 440 18
1 244 20
1 477 47
1 291 47
1 89 24
1 404 34
1 439 50
1 392 48
1 340 47
1 227 3
1 159 44
1 323 33
1 494 11
1 56 46
1 68 19
1 425 16
1 487 24
1 201 49
1 72 21
1 169 35
1 434 46
1 50 25
1 365 8
1 376 34
1 291 8
1 316 36
1 117 37
1 335 44
1 265 2
1 132 14
1 323 45
1 251 45
1 66 10
1 99 19
1 482 35
1 317 43
1 250 27
1 313 47
1 68 33
1 324 25
1 34 26
1 47 18
1 418 48
1 197 10
1 41 14
1 220 13
1 28 10
1 318 46
1 413 26
1 103 11
1 171 32
1 179 29
1 381 33
1 218 15
1 478 6
1 325 9
1 139 39
1 92 18
1 423 40
1 456 48
1 205 30
1 216 4
1 385 25
1 419 25
1 431 28
1 333 17
1 149 35
1 10 12
1 92 1
1 465 50
1 456 16
1 40 45
1 238 24
1 484 48
1 138 37
1 239 35
1 22 6
1 81 32
1 108 40
1 495 19
1 434 42
1 436 23
1 225 8
1 253 41
1 370 31
1 375 47
1 197 41
1 252 25
1 156 48
1 21 34
1 305 29
1 439 28
1 201 22
1 13 6
1 294 12
1 248 5
1 418 20
1 356 17
1 215 41
1 142 5
1 8 32
1 363 44
1 55 45
1 311 25
1 88 22
1 243 39
1 311 20
1 98 35
1 163 48
1 446 46
1 409 24
1 194 1
1 483 10
1 330 49
1 43 12
1 274 19
1 37 27
1 19 4
1 68 35
1 399 30
1 312 27
1 263 49
1 467 18
1 423 41
1 189 29
1 477 38
1 189 45
1 181 24
1 494 8
1 129 32
1 469 39
1 115 48
1 331 38
1 63 37
1 223 37
1 303 41
1 57 47
1 432 48
1 158 11
1 272 13
1 431 40
1 144 10
1 287 23
1 77 2
1 51 50
1 490 40
1 135 33
1 476 9
1 248 47
1 135 30
1 126 8
1 227 16
1 136 31
1 105 9
1 126 40
1 250 19
1 16 23
1 461 7
1 355 31
1 142 10
1 157 6
1 141 33
1 226 28
1 340 16
1 50 39
1 261 13
1 6 8
1 195 46
1 194 49
1 70 43
1 388 48
1 26 41
1 213 38
1 182 35
1 263 30
1 4 27
1 417 34
1 434 25
1 103 19
1 151 45
1 134 45
1 274 16
1 159 24
1 286 5
1 340 16
1 35 20
1 424 34
1 498 4
1 409 33
1 163 12
1 271 49
1 265 16
1 68 47
1 376 34
1 106 36
1 257 21
1 128 24
1 154 9
1 333 28
1 177 21
1 428 5
1 111 25
1 43 27
1 482 49
1 442 28
1 424 46
1 193 47
1 328 44
1 474 18
1 54 30
1 459 38
1 205 13
1 246 15
1 203 14
1 119 41
1 299 10
1 34 14
1 257 31
1 398 18
1 239 21
1 377 27
1 294 34
1 237 47
1 473 35
1 150 6
1 170 30
1 134 12
1 274 26
1 384 1
1 312 23
1 77 48
1 471 7
1 486 35
1 448 14
1 268 41
1 66 8
1 256 10
1 474 12
1 61 49
1 337 18
1 97 30
1 466 50
1 254 43
1 286 13
1 128 34
1 30 44
1 219 43
1 407 32
1 97 36
1 286 46
1 118 13
1 500 44
1 357 23
1 364 37
1 456 31
1 209 19
1 472 50
1 213 33
1 157 43
1 279 21
1 440 33
1 372 4
1 95 3
1 27 45
1 411 46
1 253 6
1 480 17
1 185 17
1 343 1
1 112 46
1 405 6
1 457 10
1 10 40
1 82 2
1 105 32
1 181 28
1 89 24
1 342 31
1 364 25
1 132 26
1 240 41
1 295 46
1 63 33
1 185 34
1 480 12
1 470 14
1 20 4
1 17 7
1 302 11
1 292 5
1 419 35
1 256 38
1 202 38
1 302 34
1 301 4
1 51 26
1 209 35
1 406 33
1 350 3
1 181 35
1 112 41
1 80 12
1 432 34
1 280 49
1 145 37
1 136 20
1 268 19
1 90 4
1 317 43
1 442 11
1 261 10
1 155 14
1 38 39
1 421 28
1 76 23
1 181 45
1 400 7
1 77 21
1 194 34
1 227 3
1 483 11
1 102 1
1 459 7
1 374 19
1 15 26
1 460 21
1 430 2
1 345 14
1 223 18
1 184 41
1 67 24
1 150 40
1 387 43
1 449 34
1 404 22
1 307 45
1 240 47
1 223 41
1 139 23
1 496 15
1 410 41
1 452 19
1 165 1
1 210 4
1 48 9
1 388 8
1 93 12
1 212 47
1 68 41
1 68 17
1 139 3
1 386 26
1 79 48
1 317 19
1 365 43
1 366 9
1 290 18
1 127 2
1 67 36
1 325 5
1 324 49
1 47 8
1 482 46
1 375 10
1 146 5
1 479 11
1 201 29
1 401 8
1 39 20
1 453 49
1 136 4
1 318 44
1 50 12
1 141 44
1 325 37
1 13 47
1 336 27
1 125 35
1 48 12
1 424 44
1 28 11
1 387 18
1 117 21
1 181 35
1 36 42
1 347 17
1 480 21
1 87 7
1 341 50
1 431 46
1 334 40
1 46 36
1 475 29
1 466 14
1 373 31
1 156 48
1 144 50
1 221 32
1 493 45
1 49 37
1 143 9
1 401 28
1 403 33
1 175 12
1 204 43
1 139 38
1 354 34
1 173 13
1 476 39
1 357 6
1 104 34
1 54 14
1 373 16
1 25 10
1 26 43
1 38 32
1 340 22
1 58 5
1 321 4
1 174 35
1 243 27
1 39 11
1 378 42
1 209 8
1 323 37
1 329 7
1 194 24
1 170 22
1 70 25
1 222 31
1 283 36
1 45 50
1 82 14
1 346 40
1 70 22
1 88 11
1 64 32
1 268 20
1 169 38
1 162 46
1 341 26
1 469 28
1 489 30
1 391 17
1 462 1
1 398 18
1 196 20
1 119 12
1 456 42
1 233 12
1 114 19
1 60 28
1 336 9
1 232 20
1 194 45
1 157 2
1 339 13
1 139 47
1 159 33
1 120 17
1 389 5
1 482 36
1 205 20
1 315 1
1 112 38
1 219 31
1 478 37
1 487 34
1 14 4
1 324 20
1 358 12
1 436 10
1 456 44
1 439 20
1 122 39
1 185 4
1 38 13
1 12 7
1 222 50
1 191 39
1 183 16
1 43 40
1 405 3
1 176 25
1 308 41
1 500 16
1 484 42
1 142 7
1 118 3
1 61 36
1 206 22
1 389 22
1 271 29
1 464 36
1 91 1
1 70 22
1 314 36
1 445 36
1 417 18
1 32 33
1 446 28
1 450 5
1 423 49
1 444 26
1 329 23
1 237 4
1 388 10
1 279 21
1 186 41
1 448 23
1 365 18
1 398 8
1 488 24
1 78 34
1 434 46
1 149 30
1 321 38
1 215 16
1 432 17
1 103 34
1 321 40
1 447 40
1 425 27
1 348 24
1 423 43
1 456 30
1 64 36
1 319 33
1 347 4
1 147 5
1 67 26
1 174 39
1 135 29
1 130 39
1 365 3
1 213 40
1 236 48
1 331 9
1 317 42
1 486 20
1 273 8
1 287 15
1 92 38
1 330 47
1 491 22
1 388 36
1 154 7
1 178 36
1 460 30
1 197 20
1 367 1
1 213 9
1 117 10
1 222 50
1 308 19
1 187 31
1 71 15
1 438 23
1 360 25
1 38 14
1 75 41
1 274 6
1 66 50
1 142 39
1 220 13
1 318 30
1 133 42
1 46 8
1 130 14
1 410 34
1 30 46
1 329 49
1 46 33
1 254 15
1 366 47
1 184 39
1 496 9
1 69 27
1 262 37
1 78 49
1 251 6
1 247 16
1 66 45
1 34 2
1 386 20
1 193 39
1 69 3
1 393 27
1 442 37
1 405 29
1 494 17
1 395 30
1 317 1
1 451 44
1 256 28
1 141 25
1 14 1
1 111 45
1 380 38
1 412 10
1 264 50
1 442 25
1 204 24
1 113 23
1 224 19
1 493 13
1 269 6
1 302 23
1 156 4
1 332 6
1 192 48
1 126 28
1 370 16
1 406 18
1 391 16
1 351 34
1 396 20
1 81 24
1 24 4
1 81 32
1 109 23
1 322 29
1 72 27
1 17 7
1 206 38
1 226 4
1 232 30
1 225 47
1 297 22
1 495 10
1 96 24
1 464 17
1 126 7
1 203 29
1 145 6
1 337 10
1 364 45
1 432 11
1 26 43
1 177 11
1 285 3
1 213 11
1 196 20
1 477 48
1 62 28
1 247 14
1 106 3
1 426 31
1 46 50
1 356 47
1 19 8
1 62 3
1 267 34
1 76 11
1 120 23
1 360 30
1 218 46
1 456 34
1 386 11
1 249 39
1 60 11
1 111 1
1 289 23
1 483 13
1 255 48
1 374 11
1 108 22
1 462 42
1 477 11
1 423 41
1 358 10
1 390 8
1 31 18
1 468 34
1 35 37
1 48 42
1 227 38
1 345 5
1 292 3
1 22 44
1 102 36
1 8 6
1 496 44
1 379 43
1 391 47
1 287 8
1 133 18
1 326 37
1 274 48
1 55 7
1 69 1
1 118 7
1 106 43
1 53 40
1 399 47
1 56 21
1 413 1
1 146 30
1 32 38
1 334 27
1 439 28
1 494 20
1 119 5
1 397 23
1 191 3
1 192 33
1 340 32
1 470 46
1 184 4
1 10 34
1 495 29
1 479 31
1 468 35
1 393 42
1 72 26
1 322 49
1 121 1
1 9 42
1 105 19
1 207 38
1 363 33
1 67 2
1 428 13
1 281 23
1 425 35
1 127 33
1 82 41
1 498 16
1 282 24
1 490 42
1 226 32
1 198 36
1 326 18
1 358 30
1 148 46
1 45 21
1 157 4
1 347 48
1 168 8
1 149 31
1 500 21
1 332 6
1 343 21
1 204 18
1 131 4
1 393 17
1 49 15
1 449 41
1 283 18
1 362 26
1 486 44
1 342 42
1 56 5
1 296 9
1 167 29
1 331 12
1 345 38
1 223 23
1 475 13
1 494 18
1 159 20
1 40 8
1 434 5
1 232 36
1 168 2
1 268 27
1 125 11
1 142 12
1 266 40
1 423 14
1 41 33
1 211 12
1 25 24
1 349 11
1 30 13
1 52 48
1 451 14
1 91 43
1 301 31
1 475 13
1 335 3
1 223 23
1 103 27
1 436 45
1 271 26
1 140 5
1 479 26
1 93 38
1 151 29
1 261 1
1 17 2
1 499 29
1 389 28
1 36 19
1 203 37
1 497 32
1 307 21
1 153 38
1 425 15
1 64 28
1 161 26
1 27 36
