3 50 4199
124 3 4470
370 17 2380
287 2 1264
252 13 1833
482 50 1100
58 3 966
466 16 2048
470 2 4194
461 5 3960
18 5 940
433 6 1866
394 2 3766
183 1 2778
285 1 691
148 21 651
447 47 940
181 2 822
97 4 3412
139 8 1176
187 1 4091
205 29 4640
127 20 3260
300 27 1566
267 15 2055
197 2 2628
480 1 662
448 7 1925
38 4 2588
168 5 365
149 2 1140
24 2 3508
383 10 3650
429 16 3040
224 20 3320
367 6 4926
328 9 2502
76 1 4314
211 5 3210
43 2 1604
140 30 4710
445 10 3520
463 7 1897
67 1 3714
462 29 3277
222 21 189
458 1 2492
367 14 1302
299 11 902
120 1 2058
132 2 1428
