46 3 69 44 15
29 53 32
25 41 6 10 9 18 13 24 36 41 20 4 35 4 42 11 6 7 15 21 19 3 34 23 25 30 38 45 17
38 29 9 1 34 33 41 29 4 49 99 55 12 3 93 6 71 45 72 24 13 90 42 74 46 57 45 34
14 82 38
5 18 10 12 29 3 16 31 23 26 16 43 46 27
31 36 24 6 77 54 32 96 76 43 35 32 23
57 35 67
2 1 29 15 11 27 4 2 5 39 37 44 28 38 13 46 36 40 44 12 8 22 9 42 33 14 37 5 14 45 39 43 8 32 21 8 32 20 1 7 35 33 34 19 28 7 3 22 6 24 2 40 1 31 30 17 26
26 48 87 29 71 92 79 66 36 58 80 31 52 11 81 26 72 60 100 41 18 22 57 30 75 5 99 58 64 14 20 93 55 22 38 80 20 87 58 99 48 35 36 22 77 14 35 92 73 42 35 3 52 49 7 72
