2000
1 0 1308967661
1 0 1389192291
1 2 1308967661
1 0 263742160
1 1 437995704
1 3 622130497
1 0 1308967661
1 7 687349657
1 7 1270952021
1 7 1308967661
3 152068227
1 1 1884939924
1 2 1308967661
1 6 1308967661
1 1 437995704
1 6 2137616782
1 0 1237780950
1 0 1733248397
1 5 1319670042
1 18 2137616782
1 17 437995704
1 17 2137616782
1 3 1308967661
1 20 2137616782
1 21 2137616782
1 10 2137616782
1 19 1308967661
3 1807946024
1 14 1308967661
1 6 2137616782
2 9 2137616782
1 24 437995704
1 20 437995704
1 13 1308967661
1 7 645330196
1 6 263742160
1 8 676458732
1 33 1308967661
2 5 2137616782
1 23 79038409
1 29 437995704
1 3 246021837
1 12 2137616782
3 1163433202
3 1153856702
2 10 2137616782
3 676458732
1 30 707256872
1 35 1308967661
1 6 2137616782
3 1540703284
1 26 1308967661
1 4 2137616782
1 23 437995704
1 15 1308967661
1 3 437995704
1 7 948315258
1 40 2137616782
1 23 1308967661
1 49 2137616782
1 21 2137616782
1 9 2137616782
1 18 2137616782
1 52 1273102837
1 8 1807946024
1 37 1915887649
1 17 674098028
3 1273208386
1 42 152068227
1 46 1265155090
1 50 1308967661
1 27 2137616782
1 54 1308967661
2 58 213120017
1 23 2137616782
1 0 2137616782
1 56 437995704
1 4 1308967661
1 16 1308967661
3 1411831461
1 66 2137616782
1 64 2137616782
1 11 1308967661
1 62 1308967661
1 65 1308967661
1 47 2137616782
1 8 2137616782
1 58 437995704
1 21 437995704
1 15 437995704
1 12 437995704
1 24 1308967661
1 24 2137616782
1 74 522308740
1 43 1752182728
2 50 865508908
1 75 742099271
1 68 437995704
1 9 437995704
1 5 1534749573
1 75 437995704
1 70 908802697
1 88 2137616782
1 4 437995704
1 52 437995704
1 90 437995704
1 50 437995704
3 622130497
1 59 94315453
1 50 437995704
1 56 1308967661
3 1308967661
1 34 437995704
1 15 2137616782
1 66 1308967661
3 1157208754
3 1583041346
1 86 2137616782
1 51 1173591526
1 30 2122690873
1 65 2137616782
1 88 1308967661
1 78 437995704
1 24 1308967661
1 17 1308967661
1 48 2137616782
1 81 437995704
2 53 1308967661
1 4 2137616782
1 14 1308967661
1 52 2137616782
3 111318180
1 5 589781858
1 49 2019808976
1 18 2137616782
1 95 2137616782
1 21 2056232171
1 117 437995704
1 49 437995704
1 18 2105170287
1 114 1805628350
1 45 2137616782
1 115 437995704
1 85 1308967661
1 120 2137616782
1 58 437995704
1 105 2137616782
3 866553168
2 115 622130497
1 95 437995704
1 118 437995704
1 1 2137616782
1 99 1308967661
1 28 437995704
1 4 2137616782
1 92 437995704
2 17 1308967661
1 8 1173719061
1 107 2137616782
1 79 2137616782
1 128 1308967661
1 126 1308967661
1 120 1524185435
1 14 437995704
1 99 196731565
1 82 437995704
1 79 437995704
1 82 1458814630
1 122 437995704
1 89 1308967661
2 122 2137616782
1 137 437995704
1 14 1308967661
1 126 2137616782
1 136 226635621
1 28 2137616782
2 58 437995704
1 18 2137616782
1 131 1308967661
1 59 437995704
1 38 16029770
1 138 1494469450
1 89 1308967661
1 102 1308967661
3 2056232171
1 151 1308967661
1 103 2137616782
1 11 437995704
1 24 1308967661
1 88 1959298000
1 119 134453953
1 64 2137616782
1 16 1371209112
3 1583041346
1 112 1273208386
1 76 437995704
1 86 2137616782
1 99 1110425993
1 130 437995704
1 26 2137616782
1 102 2137616782
1 15 1308967661
2 138 1884939924
1 62 1308967661
2 105 2137616782
1 101 437995704
1 96 2137616782
1 165 437995704
1 173 2137616782
1 172 437995704
1 177 2137616782
2 149 676458732
3 1173591526
1 144 1308967661
1 51 1821985685
1 181 1308967661
1 70 437995704
1 102 134453953
1 92 2056232171
3 1728851380
3 617706657
3 226635621
1 125 2137616782
1 98 437995704
1 53 1254538962
1 134 908802697
1 45 437995704
2 104 437995704
1 57 2137616782
1 107 437995704
1 112 2137616782
1 84 128105521
2 140 2137616782
1 74 2137616782
1 94 437995704
1 171 437995704
1 155 1308967661
1 49 1308967661
1 178 1882654689
1 139 1308967661
1 109 551431031
1 119 1308967661
1 90 2137616782
1 183 1308967661
1 12 437995704
1 0 1821985685
1 207 2137616782
1 39 1308967661
1 18 437995704
1 24 2137616782
1 33 2137616782
1 178 1308967661
3 1525422405
1 190 885613
1 92 1308967661
1 5 2137616782
1 182 618660402
2 47 2137616782
1 191 1534749573
1 94 71050247
1 33 1308967661
2 172 2137616782
1 151 1308967661
3 1805628350
1 59 437995704
1 162 1308967661
1 29 437995704
1 178 1978780669
1 84 1389354284
3 1260513258
1 127 2137616782
1 51 1016743564
1 74 2137616782
1 107 2137616782
1 8 437995704
1 33 1308967661
2 39 2137616782
1 152 1308967661
2 57 2137616782
1 199 1308967661
1 107 1308967661
1 92 2137616782
1 167 2137616782
1 148 2137616782
1 56 1265155090
1 8 437995704
3 1534749573
1 132 437995704
1 131 866553168
1 203 2137616782
1 118 1308967661
2 59 1308967661
2 178 1308967661
1 225 437995704
1 49 1389354284
1 171 1308967661
1 23 437995704
1 248 2137616782
3 1452212771
2 193 1308967661
1 130 437995704
1 48 1308967661
2 64 238600542
1 116 1308967661
3 1452212771
2 57 2137616782
1 117 1308967661
1 59 887657247
1 152 437995704
1 202 1308967661
1 159 2137616782
1 85 437995704
3 1876838396
1 172 2121899518
1 24 437995704
3 356979921
1 59 437995704
1 98 437995704
1 42 2137616782
1 179 437995704
1 175 1308967661
1 172 2137616782
1 131 2137616782
1 206 1308967661
1 82 1308967661
2 9 1308967661
1 149 437995704
1 227 2137616782
1 86 2137616782
1 255 1308967661
1 216 2137616782
1 131 2137616782
2 255 2137616782
2 269 861127615
1 156 2137616782
1 189 437995704
3 79038409
1 267 707256872
1 84 437995704
1 181 2137616782
1 204 377383092
1 214 2137616782
1 208 437995704
1 135 437995704
2 279 152068227
1 115 2137616782
1 187 1389192291
2 42 2137616782
2 285 1308967661
1 266 776292144
1 272 1308967661
1 138 437995704
1 165 437995704
1 158 437995704
1 263 2137616782
1 183 2137616782
1 246 226635621
1 4 1308967661
1 14 1308967661
2 264 1803598358
1 213 2137616782
1 197 437995704
1 135 437995704
1 25 437995704
1 39 492689107
1 207 1135615977
1 108 437995704
1 214 2137616782
1 112 437995704
1 233 437995704
1 157 247761953
1 273 1308967661
1 4 2137616782
1 302 1308967661
1 256 1308967661
1 139 1308967661
1 197 1389354284
1 143 437995704
1 5 437995704
1 250 2137616782
1 206 2137616782
2 148 2137616782
1 262 196731565
1 197 437995704
1 177 2137616782
2 148 437995704
1 10 1173719061
3 1418453116
1 41 437995704
1 84 1308967661
3 1135615977
1 175 2137616782
1 127 437995704
1 57 2137616782
1 223 2137616782
1 311 437995704
3 1018049040
1 154 437995704
1 75 437995704
1 15 2137616782
1 21 1381688038
1 316 1308967661
1 114 1308967661
3 246021837
1 78 1308967661
1 327 437995704
1 176 437995704
3 492689107
1 270 437995704
1 298 437995704
1 64 437995704
1 153 2137616782
2 54 437995704
1 0 2137616782
1 32 1308967661
1 299 2137616782
1 119 437995704
1 65 437995704
1 316 1308967661
1 112 437995704
1 193 1308967661
2 124 437995704
3 885613
1 233 2137616782
1 230 1308967661
1 179 196731565
1 50 1308967661
1 76 437995704
1 349 2137616782
1 133 437995704
3 1803598358
1 267 2137616782
1 206 1254538962
2 173 1308967661
3 263742160
1 289 2137616782
2 191 1834321910
1 327 1265155090
1 329 1308967661
1 304 437995704
1 86 948315258
2 251 437995704
1 155 2137616782
1 104 926043714
1 151 2137616782
1 262 437995704
1 279 1308967661
1 133 640467975
2 199 437995704
3 1016743564
1 231 2137616782
1 53 437995704
3 1896169841
1 151 1540703284
1 240 437995704
1 286 1411831461
1 141 1308967661
3 22999424
1 288 1308967661
1 32 2137616782
1 166 2115084312
1 230 1915887649
1 238 2137616782
1 171 1308967661
1 322 2137616782
2 177 674098028
1 154 1308967661
1 193 1308967661
2 324 1308967661
3 865508908
1 311 437995704
1 30 437995704
1 221 437995704
1 15 2137616782
1 216 437995704
3 283655575
1 383 608153742
1 225 437995704
1 164 2137616782
3 840580391
1 143 437995704
2 226 437995704
1 2 437995704
2 347 437995704
3 1494469450
1 374 946461498
1 23 437995704
3 191190164
1 291 1821135
1 152 437995704
1 277 437995704
1 139 866553168
1 266 437995704
1 212 1308967661
2 104 1308967661
2 34 2137616782
1 47 1308967661
1 293 1308967661
1 25 437995704
1 44 2137616782
1 326 1308967661
3 355939377
1 114 437995704
1 162 2137616782
2 39 1308967661
1 178 1308967661
1 355 2030028409
1 360 437995704
1 237 437995704
2 93 437995704
2 173 492689107
1 98 2137616782
1 199 2137616782
1 20 2137616782
2 90 2137616782
1 198 437995704
1 127 2137616782
1 11 437995704
1 159 2137616782
2 376 2137616782
1 314 2137616782
1 225 437995704
2 296 437995704
1 82 1402036178
2 255 2137616782
1 260 2137616782
1 102 1308967661
1 269 1308967661
1 395 946461498
1 114 2137616782
1 295 742099271
3 1260513258
1 404 1308967661
1 158 2137616782
1 107 1319670042
1 183 437995704
1 285 1018049040
1 188 551431031
1 100 1308967661
1 130 2137616782
1 181 650655899
1 365 2041743655
1 88 1308967661
1 405 1308967661
1 141 742099271
1 348 437995704
3 238600542
1 376 2137616782
1 147 1728851380
1 420 1959298000
1 154 1308967661
1 95 437995704
3 106312498
1 402 437995704
1 76 2137616782
1 186 2137616782
1 406 1308967661
3 77707355
1 211 2137616782
1 235 1308967661
1 375 1135615977
2 215 2137616782
1 155 2137616782
1 56 437995704
1 215 437995704
1 233 437995704
1 278 437995704
1 331 1308967661
1 290 437995704
2 325 815927184
1 240 437995704
1 149 2137616782
1 185 1308967661
1 309 1308967661
1 134 1016743564
1 202 437995704
1 325 1308967661
1 410 156317783
1 433 608153742
3 844190655
1 340 437995704
1 274 1308967661
1 381 22999424
1 182 77707355
1 379 1308967661
2 288 1308967661
1 95 1308967661
1 350 1308967661
1 185 1308967661
1 176 1308967661
1 253 1308967661
1 437 1308967661
1 290 2137616782
1 126 1821135
1 316 2137616782
1 66 437995704
3 1163433202
1 320 2137616782
1 168 2137616782
1 39 437995704
1 350 2137616782
1 344 2137616782
3 1173719061
1 157 2137616782
1 464 2137616782
2 136 1308967661
2 90 2137616782
1 313 1389354284
3 521901773
1 66 1308967661
1 397 2137616782
1 118 2137616782
1 327 1308967661
1 488 1524185435
1 270 2117715427
1 278 437995704
1 30 2137616782
2 92 437995704
1 268 437995704
2 32 1308967661
3 1648125895
1 58 2137616782
1 179 2137616782
1 93 1308967661
2 90 1308967661
1 460 2137616782
1 235 2137616782
1 440 1959298000
1 148 622130497
1 420 355939377
1 259 2137616782
3 1412148612
1 314 1308967661
1 84 1334376406
1 314 2137616782
1 40 1308967661
1 266 2030028409
1 79 2137616782
1 323 1016743564
1 415 437995704
1 157 2137616782
1 439 1308967661
1 386 437995704
1 159 1457901347
1 195 152068227
1 131 2137616782
1 310 615763856
1 52 1308967661
1 92 437995704
1 394 437995704
1 108 1110425993
1 525 437995704
1 308 926043714
1 119 1026827990
1 410 2137616782
1 287 437995704
1 11 1373573028
1 148 2137616782
1 233 2137616782
3 2105170287
1 322 1308967661
1 373 437995704
1 89 437995704
1 281 1308967661
1 457 1308967661
3 1976778025
1 395 437995704
2 394 1821985685
1 109 437995704
1 44 437995704
1 466 2137616782
3 1452212771
1 284 640467975
3 104911421
1 534 2137616782
3 1959298000
1 241 2137616782
3 861127615
1 290 1157208754
1 109 437995704
1 186 1390788364
1 160 1308967661
1 339 1419519802
1 100 2137616782
1 477 2137616782
1 189 94315453
1 515 742099271
1 229 2137616782
1 304 437995704
1 171 887657247
1 18 1308967661
3 22999424
1 231 328085569
1 82 437995704
1 123 1308967661
1 395 1308967661
1 261 437995704
1 100 866553168
1 205 2137616782
1 233 1308967661
1 254 437995704
1 118 1169236566
1 263 437995704
1 352 610962291
1 62 2137616782
1 342 1308967661
1 454 2137616782
1 100 2137616782
1 145 1915887649
3 1237780950
3 1841061274
3 1389354284
1 510 640467975
1 458 437995704
1 44 1308967661
1 494 437995704
1 342 437995704
2 385 2137616782
1 103 247761953
3 645330196
1 252 1240110721
1 447 1308967661
1 200 2137616782
1 135 2137616782
1 417 1900062972
1 383 2137616782
1 318 437995704
1 532 437995704
1 396 437995704
1 197 1308967661
1 298 111318180
1 514 437995704
1 407 736939552
1 113 2137616782
1 354 1308967661
1 490 1388276688
1 294 1308967661
1 303 1573873803
1 389 2137616782
1 145 2137616782
1 99 1308967661
1 62 1308967661
1 559 268763194
3 77707355
2 238 1308967661
1 221 1308967661
1 186 1308967661
1 0 1308967661
1 402 437995704
1 339 437995704
1 540 437995704
1 282 2137616782
1 244 1308967661
1 336 437995704
1 252 2137616782
1 583 2137616782
1 331 1308967661
1 110 2137616782
1 191 2137616782
1 114 2137616782
1 351 676458732
1 430 1173719061
2 333 437995704
1 607 1752182728
1 174 1308967661
1 42 589781858
1 497 1308967661
1 393 437995704
1 361 437995704
1 116 1270952021
3 1273208386
1 419 1308967661
2 366 437995704
1 261 687349657
1 110 1308967661
1 621 2137616782
1 514 1419519802
1 583 437995704
1 303 437995704
1 118 1308967661
1 281 1308967661
3 16029770
1 589 2137616782
1 585 2137616782
1 571 885613
1 44 1390788364
1 370 2116054982
1 609 437995704
1 81 2137616782
3 401834817
1 175 437995704
1 614 437995704
1 589 2061208341
1 330 437995704
1 2 2137616782
1 526 1381688038
2 620 1389192291
1 646 865508908
3 855723239
1 599 2137616782
1 100 1308967661
1 520 437995704
1 499 1308967661
1 428 2137616782
1 74 432374516
2 209 437995704
1 88 2137616782
3 736939552
1 625 1308967661
3 250360655
2 454 1308967661
1 564 1308967661
2 143 1308967661
1 550 2137616782
1 59 2137616782
2 581 1308967661
1 57 437995704
1 224 2137616782
1 541 437995704
1 509 437995704
1 579 2137616782
1 354 437995704
3 948315258
1 493 437995704
1 15 2137616782
1 140 437995704
1 266 2137616782
1 349 735136703
1 88 1308967661
1 74 738096410
1 597 622130497
1 220 492689107
1 232 376610694
1 10 2137616782
1 422 1308967661
1 651 2137616782
1 30 2137616782
1 331 437995704
1 405 437995704
1 58 1308967661
1 512 2137616782
1 308 437995704
1 552 1136149123
1 375 1583041346
2 665 2137616782
1 573 1308967661
1 133 495701459
1 195 437995704
1 179 437995704
1 675 948315258
1 653 437995704
1 42 437995704
3 1706281562
1 450 437995704
1 477 2137616782
1 612 2137616782
1 32 2137616782
1 204 515579460
1 252 1884939924
1 542 437995704
1 162 437995704
1 42 1308967661
2 53 437995704
3 1381688038
1 586 1308967661
1 160 437995704
1 360 437995704
3 1270952021
1 342 1163433202
1 346 437995704
1 387 437995704
1 249 226635621
1 621 1803598358
1 350 437995704
3 1458814630
2 424 437995704
1 273 1173591526
1 685 1018049040
2 690 437995704
1 672 437995704
1 699 437995704
1 239 1308967661
1 257 437995704
3 247761953
1 676 1308967661
1 392 2019808976
1 225 1308967661
1 45 33313336
1 714 1308967661
1 265 2137616782
1 636 2137616782
1 573 437995704
1 704 1308967661
1 608 1388276688
1 161 1807946024
3 522308740
1 42 2137616782
1 338 2137616782
1 343 1308967661
1 100 1308967661
1 230 2137616782
1 229 437995704
1 190 1308967661
1 578 437995704
1 545 376610694
1 177 437995704
3 640467975
1 86 1733248397
1 170 2137616782
1 191 1841061274
1 293 437995704
1 107 1026827990
1 146 2137616782
1 521 437995704
1 742 2137616782
1 469 437995704
1 405 437995704
1 616 1308967661
1 735 1308967661
1 53 1389192291
1 593 437995704
1 85 2137616782
1 486 1976778025
1 315 71050247
2 521 2137616782
1 587 1308967661
1 531 1308967661
1 714 50709218
1 194 437995704
1 204 437995704
1 381 437995704
1 606 2137616782
1 317 1308967661
1 76 1308967661
1 652 1308967661
1 462 437995704
1 594 2137616782
1 219 1308967661
1 449 2137616782
3 1389354284
1 532 437995704
1 670 2137616782
2 239 1308967661
1 544 1308967661
3 621923168
3 1573873803
1 88 437995704
1 236 134453953
2 646 1925437087
1 736 437995704
1 296 467350523
1 177 1244152647
1 160 2137616782
3 177923673
1 613 437995704
3 1473140414
3 71050247
1 627 128105521
2 256 1308967661
1 326 2137616782
1 239 437995704
1 526 1308967661
1 543 2137616782
1 733 1540703284
1 422 2137616782
2 290 2137616782
1 443 2137616782
1 673 437995704
1 355 1308967661
1 316 2137616782
1 363 437995704
2 244 1867673338
1 418 772710229
1 441 437995704
1 695 437995704
1 340 2137616782
1 221 1308967661
3 1174984319
1 416 1308967661
1 541 437995704
1 207 1308967661
1 47 437995704
1 146 134453953
1 192 1016743564
1 411 2137616782
2 223 437995704
1 279 1308967661
1 498 437995704
1 204 226635621
1 545 2137616782
1 308 2137616782
1 601 437995704
1 682 2137616782
1 778 2137616782
1 487 1308967661
1 54 1308967661
1 786 1915887649
1 571 1308967661
1 544 1308967661
1 233 1271375106
1 529 1402036178
1 105 1319670042
1 208 1308967661
1 588 1389192291
1 58 2137616782
1 543 1260513258
2 693 1308967661
1 458 437995704
1 592 1976778025
1 733 1308967661
1 508 2137616782
1 283 437995704
3 1728851380
1 796 1308967661
1 194 437995704
3 437995704
1 114 1381688038
1 576 687349657
1 116 2137616782
3 908802697
1 90 2137616782
1 683 437995704
1 203 1308967661
1 729 1373573028
1 81 437995704
1 742 1308967661
1 180 437995704
3 1390788364
1 526 104911421
1 386 2137616782
1 846 437995704
1 625 1452212771
1 317 2137616782
1 370 2137616782
1 824 2137616782
1 28 1308967661
1 362 437995704
1 122 437995704
1 809 437995704
1 605 1308967661
1 380 437995704
1 694 1308967661
2 679 437995704
1 340 735136703
1 485 437995704
2 600 2137616782
2 704 2137616782
1 736 1308967661
1 713 2137616782
1 692 437995704
1 303 437995704
2 734 437995704
1 5 437995704
1 860 2137616782
1 849 437995704
1 694 1308967661
1 393 22999424
1 840 2137616782
1 826 622130497
1 193 815927184
1 556 437995704
1 90 2137616782
1 143 437995704
1 563 1240110721
1 49 2137616782
1 588 1308967661
1 285 2137616782
1 274 1254538962
3 1473140414
1 785 2137616782
1 868 2137616782
1 90 2137616782
3 776292144
1 287 735136703
1 451 2056232171
1 23 2137616782
1 180 437995704
1 561 437995704
1 141 1308967661
1 591 1308967661
1 441 1308967661
1 330 1308967661
1 235 1215057416
1 661 2137616782
1 209 2137616782
1 191 1308967661
1 595 1813847928
2 765 1978780669
2 180 437995704
1 413 377383092
1 244 1308967661
1 734 1260513258
1 275 437995704
1 463 1308967661
1 554 1281670334
1 880 437995704
1 146 437995704
1 587 437995704
1 482 2137616782
1 821 948315258
1 485 2137616782
1 774 1308967661
1 565 2137616782
3 1813847928
2 174 1308967661
1 168 1061452080
1 765 1402036178
1 459 226635621
1 587 1308967661
3 1336334525
1 275 2137616782
1 642 610962291
1 587 2137616782
3 213120017
2 533 437995704
1 103 437995704
1 569 1308967661
1 635 1308967661
3 1265155090
1 43 1308967661
1 394 377383092
1 32 2137616782
1 453 250360655
1 491 1524185435
1 902 640467975
1 508 1308967661
1 498 437995704
1 217 1308967661
3 687349657
1 243 2137616782
1 733 1308967661
1 315 1308967661
1 325 437995704
1 253 2137616782
2 566 437995704
1 852 247761953
1 727 1308967661
1 877 1308967661
1 395 1308967661
1 253 1758095930
1 799 437995704
1 19 1308967661
1 237 1418453116
1 559 437995704
1 418 1308967661
1 433 437995704
2 764 2137616782
1 169 437995704
1 401 2137616782
1 781 1308967661
1 822 437995704
3 238600542
1 238 676458732
1 218 94315453
1 504 2137616782
1 75 437995704
1 139 2137616782
3 1319670042
1 138 615763856
1 451 1308967661
1 425 1308967661
1 49 437995704
2 24 1308967661
3 2019808976
1 193 1900062972
1 719 1308967661
2 926 1583041346
3 1061452080
2 235 1308967661
1 374 865890132
1 437 2137616782
1 204 437995704
3 1882654689
1 692 437995704
1 249 437995704
1 568 1308967661
1 841 2137616782
1 723 1308967661
1 581 1308967661
1 280 2137616782
1 227 1308967661
3 1525422405
1 373 2137616782
1 765 472296449
1 616 1308967661
3 472296449
1 569 2019808976
1 342 1308967661
3 1758095930
1 771 1390788364
1 956 437995704
1 252 2137616782
1 943 1157208754
1 265 1308967661
1 132 1733248397
1 896 134453953
1 962 1308967661
1 748 437995704
1 139 437995704
1 379 946461498
1 764 622130497
1 274 1308967661
1 194 437995704
1 781 437995704
2 517 1308967661
3 617706657
1 829 1308967661
3 472296449
2 284 2137616782
1 62 437995704
1 787 815927184
1 191 2137616782
2 252 1308967661
1 636 1308967661
1 620 1308967661
1 139 1388276688
1 281 1308967661
1 591 2137616782
1 69 2137616782
2 351 1308967661
2 664 1308967661
1 950 437995704
1 452 1308967661
1 522 2137616782
3 33313336
1 106 1308967661
1 232 1308967661
1 526 111318180
1 907 1308967661
3 432374516
1 160 437995704
3 128105521
1 782 2137616782
1 750 2056232171
2 556 437995704
1 993 437995704
1 107 1308967661
1 822 111318180
1 1003 437995704
1 556 1281670334
1 693 437995704
1 610 615763856
1 747 1308967661
1 56 1308967661
1 957 495701459
1 504 437995704
1 432 437995704
1 429 2137616782
1 903 655047956
1 44 467350523
1 1013 1308967661
1 165 437995704
1 925 2137616782
1 1006 1308967661
1 960 2137616782
2 265 640467975
1 666 437995704
1 886 1308967661
2 1004 437995704
1 689 1308967661
3 1761076874
1 228 1876838396
1 538 776292144
1 157 1308967661
1 429 437995704
1 1030 437995704
1 28 1807946024
1 405 2137616782
2 923 437995704
1 409 1896169841
1 891 437995704
1 221 2137616782
1 522 1308967661
1 372 1308967661
2 785 2137616782
1 398 610962291
1 229 437995704
1 498 437995704
1 902 2137616782
1 729 377383092
1 677 1752182728
3 1524185435
1 533 2137616782
1 905 1308967661
3 1821985685
1 982 1308967661
1 9 437995704
1 324 437995704
2 418 437995704
1 337 437995704
3 621923168
1 656 437995704
1 21 1308967661
1 662 2137616782
2 953 437995704
1 940 1308967661
1 1018 2137616782
1 95 1308967661
1 178 250360655
1 1039 707256872
1 869 2137616782
1 203 1419519802
1 242 1308967661
1 983 1308967661
1 340 437995704
1 435 2137616782
1 867 2137616782
1 977 1308967661
1 65 2137616782
1 251 1308967661
1 578 1308967661
1 209 2137616782
2 875 1308967661
1 900 1299454804
1 1039 437995704
1 940 887657247
1 1005 96295758
1 488 437995704
1 172 437995704
1 990 2137616782
1 589 1758095930
2 515 1153785776
2 753 1165483034
1 980 2137616782
1 1020 437995704
2 59 437995704
1 881 1308967661
2 565 1308967661
1 489 1308967661
1 624 1706281562
1 293 2137616782
1 627 1308967661
1 997 437995704
1 770 437995704
3 1534749573
1 438 1308967661
1 287 1308967661
1 720 405936579
1 1048 437995704
1 877 1308967661
1 848 437995704
1 586 1308967661
1 874 2137616782
1 331 437995704
1 713 1308967661
1 506 2137616782
1 892 1308967661
1 221 1308967661
1 914 22999424
1 395 2137616782
2 319 2137616782
2 624 1834321910
1 936 2137616782
1 942 437995704
3 617706657
1 627 2137616782
1 19 1308967661
3 1525422405
1 946 946461498
1 107 1308967661
1 987 437995704
1 15 2137616782
1 956 687349657
1 1042 104911421
1 452 2137616782
1 918 2137616782
1 1062 885613
2 232 437995704
1 476 1308967661
2 1106 437995704
1 884 2137616782
1 704 1273102837
1 180 1308967661
1 1105 437995704
1 1018 246021837
1 426 1308967661
2 992 2137616782
1 149 1308967661
2 966 855723239
1 288 1648125895
1 1079 2137616782
2 822 1308967661
1 872 437995704
1 555 1308967661
2 716 2137616782
1 1011 437995704
1 407 2137616782
1 2 1308967661
1 272 437995704
1 621 437995704
2 404 2137616782
1 480 1308967661
1 1027 2137616782
1 1128 2137616782
1 1063 2056232171
1 563 437995704
1 663 1308967661
1 186 1308967661
1 481 1803598358
1 984 437995704
1 112 2137616782
1 273 1308967661
1 152 1308967661
1 57 111318180
1 26 2137616782
1 845 645330196
1 295 1308967661
1 351 2137616782
1 437 77707355
1 1145 2137616782
1 905 1308967661
1 579 2137616782
1 985 1319670042
1 900 2137616782
1 657 2137616782
1 342 437995704
1 1132 437995704
1 905 1959298000
1 192 1319670042
1 268 1308967661
1 747 1969093232
1 917 2137616782
1 610 560148345
1 517 1299454804
1 925 1373573028
1 62 437995704
3 1803598358
3 16029770
1 803 437995704
1 824 2137616782
1 620 2137616782
2 412 1308967661
1 793 2137616782
1 465 437995704
1 1092 437995704
1 733 1308967661
1 635 707256872
1 331 2137616782
1 1170 1308967661
2 1127 1308967661
1 660 1308967661
1 769 2132209947
1 442 1061452080
1 951 437995704
1 421 1308967661
2 681 437995704
1 1034 1308967661
1 1110 437995704
1 24 1308967661
1 535 437995704
1 703 1733248397
1 852 1418453116
3 1925437087
1 1125 437995704
1 158 1061452080
1 303 437995704
1 813 1308967661
1 1005 1925437087
1 1189 432374516
1 205 437995704
1 824 2137616782
2 51 2137616782
1 267 1807946024
1 607 437995704
1 429 2137616782
1 1006 437995704
1 1152 437995704
1 559 2137616782
1 984 299583194
1 84 1308967661
1 422 2137616782
1 828 437995704
1 703 2121899518
1 644 2137616782
1 271 2137616782
2 736 2137616782
1 274 2137616782
1 723 1336334525
1 689 1308967661
1 885 437995704
1 893 1758095930
1 1213 2115084312
1 183 1308967661
1 1086 1018049040
1 1177 437995704
1 836 437995704
1 1147 1136149123
3 355939377
1 1220 2137616782
1 164 2137616782
1 843 738096410
1 579 1338852924
2 870 2137616782
1 56 2137616782
1 927 437995704
1 1161 1308967661
1 1108 1336334525
1 830 1308967661
1 468 437995704
1 934 437995704
1 69 1308967661
1 549 2137616782
1 964 2137616782
1 1047 1308967661
1 905 1728851380
3 640467975
1 843 152068227
1 402 1308967661
3 1271375106
1 1062 1308967661
1 679 104911421
1 95 2137616782
1 845 844190655
1 39 437995704
1 834 437995704
2 1177 2137616782
1 520 2137616782
1 293 437995704
1 1111 437995704
1 888 1308967661
1 692 437995704
3 1418453116
1 574 437995704
1 950 1308967661
1 676 2137616782
1 758 2137616782
1 819 610962291
1 933 2137616782
2 262 437995704
1 894 2137616782
1 307 1308967661
1 1018 2137616782
1 923 1215057416
1 515 2137616782
1 390 437995704
1 878 2137616782
1 946 1308967661
3 1281670334
3 491392700
1 176 299583194
1 393 1308967661
1 926 2137616782
1 626 2137616782
1 204 376610694
1 1175 1308967661
1 496 2137616782
1 1232 437995704
1 1046 1308967661
1 1253 377383092
3 865508908
1 496 134453953
1 1231 437995704
1 1024 437995704
1 815 2137616782
1 100 1271375106
1 1052 2137616782
1 686 1308967661
1 936 437995704
1 931 1308967661
1 1161 1389192291
1 1194 1308967661
1 913 437995704
1 1093 1308967661
1 1211 437995704
3 2056232171
1 203 1336334525
1 614 1452212771
1 606 1308967661
1 143 2137616782
1 591 437995704
1 239 432374516
1 859 2137616782
1 682 615763856
1 636 2137616782
1 1023 437995704
1 1227 437995704
1 1108 1876838396
1 784 437995704
3 467350523
1 445 2137616782
1 125 405936579
1 961 437995704
2 959 608153742
3 650655899
1 984 437995704
1 1186 2137616782
1 172 2137616782
2 17 1308967661
1 960 2137616782
1 1093 1308967661
1 719 2137616782
1 1268 177923673
3 1525422405
1 348 437995704
1 488 2137616782
1 709 2137616782
1 537 1135615977
1 325 608153742
1 279 2137616782
1 1030 1308967661
2 1220 437995704
1 1295 405936579
1 642 2137616782
1 989 1308967661
1 193 2116054982
2 934 2137616782
1 619 437995704
1 243 2137616782
1 896 1308967661
1 665 2137616782
1 1056 2137616782
1 69 437995704
1 809 1308967661
1 295 1281670334
1 89 1419519802
1 556 1281670334
1 628 437995704
1 1272 437995704
1 770 1308967661
1 622 2137616782
1 980 2137616782
2 993 1281670334
1 791 2137616782
1 877 437995704
1 1040 437995704
1 102 1308967661
1 1063 1969093232
1 388 437995704
3 128105521
1 113 1265155090
1 531 1308967661
1 1312 437995704
1 587 283655575
1 658 840580391
1 1281 1308967661
1 349 2137616782
1 1271 2137616782
1 897 742099271
1 328 437995704
2 135 1308967661
1 611 1153785776
2 738 1308967661
1 1290 1752182728
1 1294 2137616782
1 40 437995704
1 682 437995704
1 510 610962291
1 526 2137616782
1 482 437995704
1 840 1308967661
1 310 437995704
1 270 1452212771
1 929 2137616782
3 71050247
1 894 1308967661
3 674098028
1 1307 437995704
1 511 1732674194
1 621 2137616782
1 1319 1308967661
1 1212 660346527
1 1354 1308967661
1 794 1308967661
1 463 1308967661
2 1165 2137616782
1 713 1805628350
1 910 521901773
1 529 2137616782
1 572 1841061274
1 586 437995704
1 815 2137616782
1 774 128105521
1 964 437995704
1 496 2137616782
1 277 1308967661
1 734 1308967661
1 260 2137616782
1 1236 2137616782
1 511 437995704
2 213 1308967661
1 146 437995704
1 808 551431031
3 1896169841
1 579 1308967661
2 1071 2137616782
3 1338852924
1 108 1821985685
1 379 437995704
1 588 2137616782
3 1452212771
1 1156 437995704
1 1237 2137616782
1 748 437995704
1 623 2137616782
1 489 437995704
1 1237 1308967661
1 116 437995704
2 952 437995704
1 1370 1308967661
1 55 1308967661
1 481 437995704
1 414 522308740
1 1308 437995704
1 1100 1308967661
1 1378 1308967661
1 484 1876838396
1 342 2137616782
1 1197 1308967661
1 1128 1308967661
1 196 437995704
1 595 2137616782
3 560148345
1 1292 437995704
1 293 1271375106
3 1925437087
1 843 1308967661
1 215 1308967661
2 1116 655047956
1 275 437995704
1 1084 2137616782
1 1257 437995704
1 1027 437995704
1 1297 1308967661
1 919 1884939924
2 221 1308967661
1 1076 437995704
1 577 1308967661
1 569 2137616782
1 463 437995704
1 868 1308967661
2 811 238600542
1 483 437995704
1 422 1308967661
1 284 1016743564
2 1041 437995704
1 928 1308967661
1 928 437995704
1 1230 437995704
1 758 2137616782
1 524 437995704
1 549 437995704
1 1050 2137616782
3 1061452080
1 1221 437995704
1 736 2137616782
1 679 1136149123
2 1049 437995704
1 428 1308967661
3 1457901347
2 1127 2137616782
1 1375 1308967661
1 1295 437995704
2 854 437995704
1 1335 2137616782
1 1349 437995704
1 1152 1308967661
1 1296 1308967661
1 932 1308967661
1 1441 610059406
2 32 437995704
1 150 2137616782
1 1265 622130497
1 894 1308967661
1 1355 9051071
1 103 1308967661
1 1322 2137616782
1 1291 1308967661
1 883 2137616782
1 294 226635621
1 706 1308967661
1 569 1308967661
3 1169236566
1 521 437995704
1 1208 437995704
1 1287 2137616782
1 999 2137616782
1 1344 1308967661
1 51 1648125895
1 187 437995704
2 1455 2137616782
3 268763194
1 173 660346527
1 310 1308967661
1 533 437995704
1 1087 2137616782
3 1271375106
1 1396 2137616782
2 1325 2137616782
1 1446 238600542
3 247761953
1 506 1583041346
3 215425926
1 260 437995704
1 870 437995704
1 606 1308967661
1 882 437995704
1 709 437995704
1 445 1240110721
1 1431 2137616782
1 561 437995704
2 964 2137616782
1 426 437995704
3 776292144
3 1876838396
1 1103 1494469450
1 852 77707355
1 1075 1308967661
1 1462 1308967661
1 1314 1598272670
1 582 2137616782
1 274 679021714
1 569 1308967661
1 1375 437995704
2 1435 515579460
1 1440 104911421
1 829 948315258
1 900 2137616782
2 116 437995704
1 9 2137616782
1 623 437995704
1 1336 2137616782
1 1479 2137616782
1 202 437995704
1 1205 96295758
1 1077 1308967661
1 1412 2137616782
1 1419 437995704
1 729 2137616782
1 32 437995704
1 788 437995704
3 1524185435
1 689 1308967661
1 1486 437995704
1 32 1308967661
1 434 2137616782
1 28 2137616782
1 51 1308967661
1 172 437995704
1 1030 437995704
1 1055 2137616782
2 69 437995704
1 1341 2137616782
1 1215 437995704
1 549 1165483034
1 1314 437995704
1 607 437995704
1 127 1308967661
2 1003 2137616782
1 75 1308967661
1 74 437995704
1 1371 437995704
1 469 1308967661
3 437995704
1 485 437995704
1 221 437995704
1 122 437995704
1 1259 1896169841
2 253 2137616782
1 575 2137616782
1 268 437995704
3 1540703284
1 1227 1308967661
1 1322 2137616782
1 1403 1308967661
1 1374 1308967661
1 1063 437995704
1 1263 1821135
2 329 1308967661
1 833 2137616782
1 645 1308967661
1 537 2137616782
1 138 1165483034
1 648 437995704
1 221 1308967661
1 624 437995704
1 1466 2137616782
1 478 16029770
3 1273208386
1 691 1308967661
1 729 437995704
1 1040 2137616782
1 384 437995704
1 1239 1308967661
3 1834321910
1 1456 1308967661
1 434 437995704
1 1540 2137616782
1 1344 1308967661
1 1347 1308967661
1 692 2056232171
2 425 1706281562
1 1542 2137616782
1 1346 1308967661
1 957 1308967661
3 1319670042
1 448 437995704
1 578 2137616782
3 2019808976
2 1447 437995704
1 763 1308967661
1 1356 1273102837
1 1347 2137616782
1 217 437995704
1 685 376610694
1 1048 1925437087
1 982 2137616782
3 2056232171
1 555 865890132
1 160 437995704
1 294 437995704
1 1353 2137616782
1 621 1308967661
1 1319 676458732
1 1205 466912951
1 1259 1308967661
1 1334 1308967661
1 340 247761953
1 1349 1308967661
1 1356 1308967661
1 602 674098028
1 42 1389354284
1 1098 2137616782
3 1389354284
1 226 1813847928
1 482 1308967661
1 480 2137616782
1 1547 1761076874
1 595 1308967661
1 75 1308967661
2 170 1308967661
2 1015 2137616782
1 1159 2056232171
1 1152 1308967661
1 1205 437995704
1 911 106312498
1 281 2137616782
1 723 1026827990
1 1027 96295758
1 115 437995704
1 1359 776292144
1 906 437995704
1 916 437995704
1 70 437995704
1 1116 1896169841
1 752 1308967661
1 187 466912951
1 506 106312498
1 694 2137616782
1 1207 2137616782
1 1327 1308967661
2 871 1381688038
1 1027 437995704
1 361 437995704
1 653 2137616782
2 1161 2137616782
1 559 560148345
1 1523 2137616782
1 1370 2137616782
1 1304 2115084312
1 1036 946461498
1 774 1925437087
1 1061 2019808976
1 1135 1308967661
1 1434 2137616782
1 1462 1273102837
3 1978780669
1 1257 437995704
3 2019808976
1 828 437995704
1 1579 2137616782
1 1435 1389354284
1 813 1308967661
1 1584 437995704
1 1228 1308967661
3 1573873803
2 221 226635621
1 174 437995704
1 756 437995704
1 1400 2137616782
1 674 2137616782
1 513 1308967661
1 393 2137616782
2 267 1254538962
1 751 1308967661
1 1232 1308967661
1 965 1308967661
1 1239 1334376406
1 1541 1308967661
1 705 2137616782
1 384 1308967661
1 1156 1308967661
3 466912951
1 643 2137616782
1 1485 2137616782
1 859 1805628350
1 880 77707355
1 127 437995704
1 1348 1758095930
1 815 1308967661
2 127 1308967661
