800 1600 437
1 2 27 1
2 3 91 0
3 4 25 0
4 5 64 1
5 6 80 1
6 7 5 0
7 8 44 1
8 9 96 1
9 10 64 0
10 11 38 0
11 12 57 0
12 13 63 1
13 14 78 0
14 15 50 0
15 16 74 1
16 17 38 1
17 18 71 1
18 19 88 0
19 20 38 0
20 21 84 0
21 22 30 1
22 23 56 1
23 24 64 0
24 25 8 0
25 26 29 0
26 27 42 0
27 28 87 0
28 29 3 1
29 30 36 0
30 31 79 1
31 32 97 1
32 33 44 0
33 34 21 1
34 35 93 0
35 36 16 0
36 37 59 1
37 38 13 1
38 39 7 0
39 40 46 1
40 41 31 1
41 42 29 1
42 43 32 1
43 44 84 1
44 45 41 1
45 46 82 0
46 47 64 1
47 48 12 0
48 49 87 1
49 50 44 1
50 51 54 1
51 52 30 0
52 53 19 1
53 54 26 0
54 55 22 1
55 56 57 1
56 57 21 1
57 58 82 0
58 59 22 0
59 60 4 0
60 61 65 0
61 62 1 0
62 63 23 1
63 64 2 0
64 65 24 0
65 66 22 0
66 67 82 0
67 68 69 1
68 69 91 1
69 70 29 0
70 71 4 0
71 72 45 1
72 73 86 1
73 74 2 1
74 75 35 0
75 76 31 1
76 77 30 1
77 78 8 1
78 79 56 0
79 80 59 0
80 81 21 0
81 82 24 1
82 83 39 1
83 84 29 0
84 85 65 0
85 86 95 0
86 87 74 1
87 88 38 0
88 89 100 0
89 90 45 1
90 91 93 1
91 92 59 1
92 93 79 1
93 94 98 1
94 95 13 0
95 96 99 0
96 97 24 0
97 98 27 0
98 99 49 1
99 100 24 0
100 101 34 0
101 102 20 1
102 103 1 0
103 104 13 0
104 105 77 1
105 106 80 1
106 107 97 0
107 108 62 0
108 109 47 1
109 110 3 1
110 111 48 1
111 112 26 0
112 113 71 0
113 114 42 0
114 115 46 0
115 116 61 1
116 117 42 1
117 118 7 0
118 119 65 1
119 120 31 1
120 121 37 1
121 122 59 1
122 123 67 1
123 124 1 0
124 125 22 0
125 126 73 1
126 127 46 0
127 128 89 1
128 129 16 0
129 130 8 0
130 131 60 0
131 132 65 0
132 133 85 1
133 134 88 0
134 135 12 0
135 136 44 1
136 137 15 0
137 138 57 1
138 139 45 1
139 140 1 1
140 141 49 0
141 142 91 0
142 143 57 0
143 144 45 1
144 145 57 1
145 146 49 0
146 147 1 1
147 148 86 1
148 149 17 0
149 150 10 1
150 151 47 1
151 152 9 1
152 153 51 1
153 154 26 1
154 155 65 0
155 156 44 0
156 157 40 0
157 158 100 1
158 159 32 0
159 160 59 0
160 161 24 0
161 162 45 0
162 163 48 0
163 164 52 1
164 165 40 1
165 166 99 0
166 167 37 1
167 168 28 0
168 169 24 1
169 170 78 1
170 171 3 0
171 172 54 1
172 173 10 0
173 174 73 0
174 175 77 0
175 176 2 1
176 177 22 0
177 178 84 1
178 179 79 1
179 180 15 0
180 181 55 1
181 182 60 0
182 183 48 0
183 184 87 0
184 185 44 1
185 186 34 1
186 187 55 1
187 188 83 1
188 189 26 0
189 190 92 0
190 191 88 1
191 192 25 1
192 193 8 0
193 194 62 0
194 195 77 1
195 196 72 0
196 197 82 0
197 198 2 1
198 199 97 0
199 200 80 1
200 201 57 0
201 202 81 0
202 203 45 1
203 204 90 1
204 205 53 1
205 206 19 0
206 207 73 1
207 208 92 0
208 209 12 0
209 210 49 0
210 211 35 1
211 212 28 1
212 213 25 0
213 214 80 1
214 215 82 0
215 216 17 1
216 217 97 0
217 218 39 0
218 219 14 0
219 220 31 0
220 221 71 1
221 222 96 0
222 223 91 1
223 224 64 0
224 225 36 1
225 226 79 0
226 227 37 1
227 228 99 0
228 229 57 0
229 230 94 1
230 231 74 0
231 232 42 1
232 233 4 0
233 234 3 0
234 235 52 0
235 236 96 1
236 237 32 1
237 238 30 1
238 239 92 1
239 240 90 1
240 241 10 0
241 242 98 0
242 243 33 1
243 244 13 1
244 245 56 1
245 246 88 1
246 247 59 0
247 248 55 0
248 249 19 1
249 250 70 1
250 251 54 0
251 252 80 1
252 253 86 1
253 254 70 1
254 255 56 0
255 256 29 1
256 257 18 0
257 258 7 1
258 259 37 0
259 260 60 1
260 261 9 0
261 262 38 1
262 263 34 1
263 264 90 1
264 265 84 1
265 266 95 0
266 267 37 1
267 268 15 0
268 269 52 0
269 270 47 0
270 271 86 0
271 272 8 1
272 273 87 1
273 274 98 0
274 275 91 1
275 276 83 1
276 277 59 0
277 278 15 1
278 279 27 1
279 280 97 0
280 281 13 1
281 282 90 1
282 283 75 0
283 284 5 1
284 285 94 1
285 286 20 0
286 287 8 1
287 288 70 1
288 289 58 1
289 290 71 0
290 291 84 0
291 292 44 0
292 293 10 0
293 294 18 0
294 295 5 1
295 296 38 1
296 297 11 0
297 298 34 0
298 299 73 1
299 300 18 1
300 301 28 0
301 302 82 1
302 303 21 1
303 304 23 1
304 305 24 0
305 306 41 0
306 307 38 0
307 308 83 0
308 309 90 1
309 310 86 1
310 311 87 0
311 312 75 1
312 313 6 0
313 314 93 1
314 315 85 1
315 316 67 1
316 317 1 0
317 318 70 0
318 319 71 1
319 320 63 1
320 321 19 1
321 322 30 1
322 323 44 0
323 324 15 1
324 325 52 1
325 326 4 0
326 327 14 1
327 328 60 1
328 329 32 0
329 330 77 0
330 331 59 0
331 332 69 1
332 333 76 1
333 334 53 0
334 335 68 1
335 336 19 0
336 337 25 0
337 338 62 1
338 339 86 0
339 340 46 0
340 341 43 1
341 342 57 0
342 343 76 0
343 344 86 1
344 345 74 0
345 346 8 1
346 347 47 0
347 348 88 0
348 349 82 0
349 350 93 1
350 351 60 1
351 352 13 0
352 353 69 1
353 354 40 1
354 355 59 1
355 356 2 0
356 357 94 0
357 358 54 0
358 359 4 0
359 360 84 1
360 361 49 0
361 362 32 1
362 363 96 0
363 364 44 0
364 365 77 0
365 366 39 0
366 367 27 0
367 368 10 1
368 369 24 0
369 370 38 0
370 371 52 1
371 372 77 0
372 373 92 0
373 374 59 0
374 375 27 0
375 376 19 1
376 377 86 0
377 378 5 0
378 379 27 1
379 380 58 0
380 381 49 0
381 382 89 1
382 383 45 0
383 384 90 0
384 385 34 1
385 386 98 1
386 387 58 1
387 388 94 0
388 389 64 0
389 390 62 0
390 391 5 0
391 392 88 1
392 393 22 1
393 394 76 0
394 395 9 1
395 396 100 0
396 397 3 0
397 398 3 0
398 399 47 0
399 400 88 1
400 401 67 0
401 402 34 0
402 403 97 0
403 404 50 1
404 405 49 1
405 406 9 0
406 407 34 1
407 408 72 1
408 409 38 0
409 410 21 1
410 411 90 0
411 412 96 1
412 413 11 1
413 414 24 0
414 415 46 0
415 416 27 0
416 417 7 0
417 418 14 0
418 419 58 0
419 420 57 0
420 421 4 1
421 422 70 1
422 423 93 1
423 424 73 0
424 425 70 0
425 426 92 0
426 427 68 0
427 428 75 1
428 429 45 0
429 430 71 1
430 431 8 0
431 432 30 0
432 433 98 1
433 434 85 0
434 435 5 0
435 436 39 0
436 437 89 0
437 438 8 0
438 439 95 0
439 440 78 1
440 441 60 1
441 442 99 0
442 443 64 0
443 444 29 0
444 445 39 0
445 446 35 1
446 447 50 0
447 448 54 0
448 449 17 0
449 450 43 1
450 451 81 1
451 452 22 1
452 453 64 1
453 454 84 1
454 455 87 0
455 456 100 1
456 457 87 1
457 458 36 1
458 459 27 0
459 460 58 1
460 461 26 0
461 462 93 1
462 463 92 0
463 464 69 1
464 465 47 0
465 466 82 0
466 467 9 1
467 468 30 0
468 469 63 1
469 470 52 0
470 471 10 1
471 472 44 1
472 473 66 0
473 474 31 0
474 475 60 0
475 476 46 0
476 477 33 0
477 478 90 1
478 479 6 0
479 480 89 1
480 481 85 1
481 482 3 1
482 483 21 0
483 484 38 1
484 485 4 0
485 486 39 1
486 487 63 1
487 488 15 1
488 489 29 0
489 490 13 1
490 491 29 1
491 492 69 1
492 493 59 0
493 494 39 0
494 495 47 0
495 496 55 1
496 497 14 1
497 498 19 0
498 499 9 0
499 500 31 0
500 501 25 1
501 502 96 1
502 503 77 1
503 504 72 1
504 505 51 0
505 506 19 0
506 507 36 0
507 508 9 0
508 509 38 0
509 510 32 0
510 511 60 0
511 512 27 1
512 513 8 0
513 514 35 1
514 515 26 0
515 516 68 0
516 517 67 1
517 518 9 0
518 519 39 1
519 520 74 0
520 521 99 1
521 522 65 1
522 523 85 1
523 524 21 0
524 525 63 0
525 526 61 1
526 527 12 1
527 528 78 1
528 529 94 0
529 530 16 1
530 531 90 1
531 532 4 0
532 533 74 1
533 534 96 1
534 535 38 0
535 536 32 1
536 537 11 0
537 538 69 1
538 539 39 1
539 540 40 1
540 541 16 0
541 542 72 0
542 543 62 1
543 544 52 1
544 545 1 1
545 546 56 1
546 547 42 0
547 548 67 0
548 549 64 1
549 550 18 1
550 551 76 0
551 552 7 0
552 553 75 1
553 554 98 1
554 555 13 1
555 556 25 1
556 557 98 1
557 558 98 0
558 559 14 1
559 560 69 0
560 561 42 0
561 562 18 1
562 563 22 0
563 564 95 0
564 565 40 0
565 566 82 0
566 567 74 0
567 568 4 1
568 569 84 1
569 570 19 0
570 571 38 1
571 572 72 1
572 573 29 0
573 574 7 0
574 575 49 0
575 576 100 0
576 577 38 1
577 578 82 0
578 579 22 0
579 580 37 1
580 581 62 0
581 582 53 1
582 583 71 1
583 584 29 1
584 585 56 0
585 586 45 1
586 587 68 0
587 588 62 1
588 589 78 1
589 590 26 1
590 591 97 1
591 592 85 1
592 593 43 1
593 594 98 1
594 595 11 1
595 596 51 1
596 597 55 0
597 598 93 0
598 599 62 0
599 600 12 1
600 601 10 1
601 602 58 1
602 603 82 1
603 604 13 0
604 605 33 1
605 606 24 1
606 607 6 0
607 608 71 0
608 609 11 1
609 610 84 1
610 611 82 0
611 612 15 1
612 613 73 0
613 614 82 1
614 615 99 1
615 616 46 1
616 617 17 1
617 618 27 1
618 619 85 0
619 620 49 0
620 621 18 0
621 622 88 1
622 623 69 1
623 624 77 1
624 625 73 1
625 626 57 1
626 627 82 1
627 628 93 1
628 629 5 0
629 630 21 0
630 631 93 1
631 632 38 1
632 633 78 0
633 634 80 0
634 635 94 1
635 636 77 1
636 637 88 0
637 638 56 0
638 639 36 0
639 640 28 1
640 641 76 1
641 642 83 1
642 643 89 0
643 644 74 0
644 645 73 1
645 646 67 0
646 647 72 1
647 648 1 1
648 649 94 0
649 650 8 0
650 651 93 0
651 652 50 0
652 653 64 1
653 654 3 1
654 655 50 0
655 656 23 0
656 657 30 0
657 658 17 1
658 659 48 1
659 660 86 0
660 661 6 0
661 662 73 0
662 663 69 0
663 664 19 0
664 665 46 1
665 666 66 1
666 667 60 1
667 668 98 1
668 669 95 0
669 670 3 0
670 671 82 1
671 672 57 1
672 673 19 0
673 674 18 0
674 675 31 1
675 676 2 0
676 677 48 1
677 678 52 1
678 679 51 1
679 680 15 0
680 681 73 0
681 682 25 0
682 683 72 1
683 684 24 1
684 685 77 1
685 686 59 0
686 687 100 0
687 688 59 0
688 689 87 0
689 690 34 0
690 691 60 0
691 692 15 1
692 693 41 1
693 694 42 0
694 695 54 0
695 696 98 0
696 697 34 0
697 698 50 0
698 699 27 1
699 700 81 0
700 701 100 0
701 702 7 1
702 703 40 0
703 704 34 0
704 705 22 0
705 706 9 1
706 707 3 1
707 708 2 0
708 709 59 0
709 710 19 0
710 711 65 1
711 712 84 0
712 713 18 1
713 714 76 0
714 715 67 0
715 716 40 1
716 717 22 0
717 718 66 0
718 719 78 0
719 720 51 0
720 721 63 0
721 722 84 0
722 723 70 0
723 724 74 1
724 725 2 1
725 726 32 1
726 727 62 1
727 728 26 0
728 729 58 0
729 730 30 0
730 731 85 1
731 732 4 1
732 733 82 1
733 734 15 0
734 735 97 0
735 736 78 1
736 737 72 0
737 738 62 1
738 739 9 1
739 740 87 0
740 741 48 0
741 742 61 1
742 743 6 0
743 744 58 1
744 745 55 1
745 746 86 0
746 747 92 0
747 748 10 0
748 749 100 0
749 750 77 0
750 751 68 0
751 752 14 0
752 753 61 1
753 754 75 1
754 755 16 1
755 756 18 1
756 757 4 1
757 758 29 1
758 759 74 1
759 760 39 1
760 761 73 0
761 762 63 1
762 763 44 0
763 764 81 0
764 765 19 1
765 766 11 0
766 767 32 1
767 768 13 1
768 769 35 1
769 770 39 1
770 771 90 0
771 772 16 0
772 773 64 1
773 774 57 1
774 775 54 0
775 776 23 1
776 777 69 0
777 778 99 0
778 779 58 1
779 780 23 1
780 781 52 1
781 782 57 0
782 783 84 0
783 784 75 0
784 785 78 1
785 786 26 1
786 787 66 1
787 788 37 1
788 789 25 1
789 790 43 0
790 791 6 1
791 792 16 0
792 793 56 1
793 794 68 1
794 795 51 0
795 796 30 0
796 797 69 1
797 798 84 1
798 799 83 0
159 276 8 0
757 748 41 0
104 261 63 0
788 497 60 0
534 576 41 0
610 292 62 0
379 36 36 0
239 214 65 1
667 741 37 1
160 75 21 1
334 318 93 0
17 387 35 0
581 553 69 1
302 446 86 1
615 626 39 1
536 477 17 1
767 146 39 0
525 240 61 1
598 720 97 1
567 590 45 1
83 304 31 1
511 16 63 1
488 294 41 1
785 402 1 0
235 199 31 0
73 381 37 0
483 106 18 1
456 342 64 1
482 562 61 0
156 213 85 0
167 763 74 0
142 420 14 1
95 390 82 1
514 123 27 1
27 364 54 0
281 599 58 1
771 12 61 0
148 109 59 1
537 86 71 0
620 241 84 0
781 360 49 1
771 195 60 1
414 513 85 0
399 22 61 0
433 611 19 0
93 173 82 1
640 755 63 0
576 781 55 0
32 363 26 0
157 451 30 0
785 701 44 0
730 797 22 1
604 472 7 0
85 487 98 1
397 651 55 1
34 85 58 1
238 379 94 0
253 480 40 1
725 760 82 1
328 454 49 1
603 438 8 0
339 763 16 0
662 267 4 1
33 727 59 0
800 492 60 1
490 1 61 1
106 255 97 1
359 772 65 1
77 536 62 0
579 281 81 1
394 264 64 0
382 435 67 1
501 182 45 1
387 770 33 1
180 320 44 0
445 571 12 0
146 790 40 0
590 141 37 1
496 698 50 1
713 759 89 1
459 103 88 0
48 79 15 0
327 170 19 1
553 137 40 1
123 661 18 1
130 631 98 0
657 304 4 1
418 489 29 0
429 684 48 0
135 774 11 1
724 131 99 1
768 679 18 0
300 284 73 0
215 279 47 1
13 308 92 1
530 316 18 1
504 460 12 0
701 771 14 1
373 398 48 1
113 240 31 0
578 682 88 1
640 781 29 0
467 719 100 1
696 144 73 1
591 342 24 0
444 187 91 0
481 78 10 0
588 74 55 0
429 285 60 1
701 221 6 0
666 74 46 1
415 719 37 1
10 83 51 0
148 460 25 0
289 499 87 1
774 40 41 0
120 584 10 1
311 627 45 1
392 592 29 1
255 495 11 1
223 288 61 1
58 514 71 0
653 453 45 1
195 52 34 1
31 552 19 0
56 435 55 1
370 730 76 0
324 709 18 1
556 38 59 1
257 16 100 1
548 641 20 0
300 589 29 1
546 597 79 1
255 589 4 0
400 485 82 0
49 119 62 0
642 570 57 1
3 490 39 0
762 146 18 1
220 289 19 1
669 298 46 0
107 505 76 1
589 93 92 1
212 172 96 1
341 42 81 1
428 615 80 0
620 729 80 1
542 384 78 0
16 657 3 0
40 314 54 1
182 575 33 1
467 687 30 0
113 255 64 0
119 763 7 1
766 450 26 0
697 629 26 1
24 65 31 0
234 630 97 1
547 651 91 1
244 407 41 1
180 50 98 0
273 599 31 1
180 384 22 0
330 14 33 1
628 482 39 0
268 798 31 1
118 707 72 0
205 684 79 0
487 678 62 1
374 664 59 1
355 99 69 1
270 218 64 1
112 205 67 1
97 66 38 0
426 493 82 1
71 683 66 0
433 344 53 1
619 548 12 0
626 179 15 0
536 189 96 0
163 571 65 0
262 310 85 1
177 620 58 0
628 117 73 1
715 170 61 1
374 718 99 1
13 597 91 0
255 462 13 0
85 702 65 1
362 65 17 0
307 780 13 1
214 156 22 0
401 173 67 1
236 4 61 1
28 304 29 0
800 294 17 0
43 341 38 1
144 203 81 1
132 749 9 0
97 472 58 0
217 186 24 0
619 250 97 1
579 334 44 1
531 120 98 1
111 798 35 1
178 532 19 0
443 414 57 1
116 539 46 1
680 697 66 1
495 713 16 0
190 59 14 1
293 707 31 1
388 560 52 0
291 645 22 1
249 92 61 1
789 663 30 1
715 437 49 1
143 571 7 1
528 49 23 0
546 653 95 0
368 206 80 1
497 435 78 0
316 362 98 1
510 439 39 1
209 535 98 0
733 716 53 1
28 767 4 0
597 686 46 1
718 297 87 0
17 601 4 0
629 96 24 0
141 243 22 1
246 510 58 0
264 131 71 1
132 94 41 1
159 277 20 0
60 143 54 0
264 703 35 0
360 545 32 1
713 347 54 1
740 772 40 1
86 386 64 0
98 757 77 1
522 668 80 1
581 568 90 1
636 265 27 1
751 587 92 0
574 476 10 0
731 499 54 1
136 378 81 0
783 776 47 0
666 65 81 0
435 30 31 1
705 57 34 0
568 522 23 1
800 193 29 1
276 418 38 1
453 265 43 1
651 430 70 1
546 649 93 0
48 91 91 0
41 703 94 0
667 531 54 0
343 174 82 0
56 547 78 0
560 69 46 0
563 689 19 1
55 197 43 1
473 112 57 1
152 91 1 0
300 454 40 0
59 370 47 1
3 749 72 0
404 330 24 1
772 698 58 0
778 765 27 0
278 426 34 1
731 461 43 0
39 751 76 1
540 746 19 1
294 690 41 0
716 590 24 1
188 800 68 1
725 786 22 0
140 401 88 0
754 485 87 0
732 9 32 0
442 217 25 1
638 641 9 0
547 202 51 0
250 137 43 0
751 404 17 1
738 703 78 1
229 462 98 0
193 533 61 1
718 224 58 1
366 513 22 0
340 81 61 1
445 120 14 0
215 781 73 1
542 109 59 1
300 402 91 1
40 721 60 1
399 245 15 0
748 215 13 1
705 518 83 0
482 355 83 1
760 213 12 1
536 22 100 1
443 327 23 0
318 95 22 1
245 187 63 0
746 618 9 1
221 593 8 1
290 406 14 0
142 557 63 0
675 742 61 0
356 399 23 1
587 576 83 1
737 253 98 1
85 524 82 1
595 339 62 1
800 721 14 1
721 29 10 1
336 113 48 0
524 220 73 0
105 699 77 1
506 462 81 1
733 750 87 1
783 700 61 0
696 640 61 1
407 609 10 0
312 285 6 0
142 85 88 1
42 385 19 0
42 435 63 1
556 322 13 1
145 333 70 1
389 404 81 1
376 4 12 1
670 268 17 0
795 187 97 0
434 142 44 1
211 671 87 1
212 14 28 1
448 368 10 1
204 556 36 0
48 551 98 1
201 724 84 0
407 85 44 1
724 167 36 0
127 40 27 0
172 55 27 1
424 796 41 0
734 559 86 0
417 372 98 1
507 765 13 0
404 490 42 1
135 791 91 1
687 253 88 0
778 389 53 0
366 69 82 1
750 20 76 1
125 269 19 0
333 446 38 1
676 430 66 1
574 649 54 1
135 74 82 0
415 621 80 1
534 630 25 0
434 797 28 1
768 133 4 1
565 569 53 0
695 362 11 0
707 624 58 1
416 213 47 0
357 637 7 1
453 729 47 0
496 610 46 1
715 258 57 0
15 144 4 0
534 488 19 0
164 133 59 0
520 685 64 0
760 198 67 1
184 271 97 1
150 462 76 1
177 281 97 0
650 402 74 1
107 275 81 0
36 215 63 0
660 266 94 1
511 512 17 1
782 476 21 0
19 686 72 0
581 374 43 0
43 591 86 0
763 786 29 1
89 7 57 1
347 511 77 0
53 303 37 1
305 800 94 1
666 432 28 1
220 539 89 1
543 516 84 0
505 454 42 0
656 131 36 0
188 371 3 1
353 22 12 1
722 452 58 1
424 771 60 1
712 483 38 0
559 575 53 0
346 47 64 1
295 751 15 1
21 239 1 1
638 634 43 1
351 125 29 1
128 509 63 0
596 600 73 0
653 394 54 1
606 230 3 1
506 420 56 0
580 682 72 0
303 383 36 1
784 280 94 1
487 657 44 0
530 774 57 1
710 173 26 1
447 722 23 1
416 792 32 1
755 599 7 0
532 405 42 0
71 325 23 1
717 58 1 1
665 352 58 0
252 490 78 1
101 140 83 0
619 315 98 1
135 512 14 0
772 576 84 1
220 332 27 0
116 70 70 1
536 351 85 1
700 574 61 0
161 789 97 1
245 291 56 0
553 275 83 1
693 743 87 1
441 280 79 1
519 695 10 0
91 56 87 1
326 755 85 1
268 796 40 0
99 679 83 0
161 294 75 0
388 89 58 0
294 89 84 1
708 712 48 1
226 488 22 1
678 332 27 1
716 39 97 1
369 729 44 0
698 739 91 1
129 770 33 0
197 260 83 0
433 684 41 0
180 477 5 1
681 184 8 0
575 102 1 1
429 238 1 0
108 110 99 1
553 584 70 1
293 232 27 0
347 638 81 1
552 253 33 0
67 235 35 0
653 394 42 1
588 248 55 0
465 575 79 1
334 300 44 1
372 354 59 0
757 320 79 0
253 109 1 1
202 366 38 0
323 614 33 1
113 260 20 1
449 139 18 1
664 576 93 1
632 541 88 0
120 578 80 0
509 212 95 0
555 516 30 1
618 461 66 0
792 735 43 0
693 145 89 0
500 565 69 1
197 23 88 1
739 301 52 0
215 676 91 1
134 230 14 0
756 132 97 1
252 677 41 1
89 228 75 1
188 237 56 0
748 146 97 1
293 249 65 1
8 387 82 1
162 4 23 0
545 313 99 0
237 122 63 0
218 487 5 1
408 47 8 0
437 779 60 0
574 253 72 1
415 37 37 0
350 557 4 0
429 569 51 0
610 432 56 0
505 304 99 0
285 636 3 0
543 716 45 1
465 115 46 0
34 535 7 0
133 631 75 0
285 165 79 0
434 425 51 0
532 274 75 1
15 332 19 0
537 125 93 1
566 788 21 0
430 610 33 0
546 459 80 1
109 781 12 0
700 230 21 1
20 332 30 1
107 646 79 1
206 412 1 0
100 310 27 1
354 197 53 1
694 22 58 0
175 617 76 0
274 380 11 0
530 541 73 1
779 371 3 0
725 41 79 1
47 515 94 0
493 495 70 1
350 742 70 1
222 487 9 0
14 447 27 0
379 581 41 1
236 220 27 1
58 261 87 0
607 654 64 0
102 365 5 1
211 635 22 0
267 447 34 0
523 91 72 1
124 561 65 0
771 446 85 1
446 217 28 0
492 379 83 0
77 731 17 1
650 426 22 1
452 240 94 1
565 498 78 1
261 467 73 1
485 746 66 1
283 232 100 0
303 747 5 0
632 666 51 0
787 740 88 0
625 741 85 0
786 291 98 1
268 401 26 1
42 660 78 1
481 245 8 0
600 201 22 1
250 269 27 0
587 80 83 1
237 641 79 1
322 623 41 0
91 587 84 0
365 519 1 0
212 177 25 0
119 150 16 0
371 708 56 0
91 431 80 1
211 207 30 1
300 671 69 0
48 306 36 0
454 86 75 0
245 638 10 0
668 8 18 1
312 323 34 0
603 610 94 0
433 409 93 1
317 302 72 1
757 143 36 0
756 732 24 1
655 48 28 0
183 397 21 1
332 618 22 1
300 381 8 0
38 163 43 0
335 295 49 0
27 157 22 0
545 363 49 0
122 518 38 1
133 68 18 1
77 226 43 1
351 155 56 1
737 626 99 0
385 757 29 0
258 45 36 0
223 244 16 0
341 613 67 0
4 176 34 0
553 314 64 1
95 297 25 0
243 488 31 1
538 526 25 0
479 332 36 0
200 508 10 1
241 629 44 0
223 706 12 0
568 635 97 0
241 40 27 1
648 538 9 1
147 507 11 1
684 256 28 0
580 453 37 0
786 102 88 0
296 17 40 1
769 285 94 0
757 642 13 1
638 46 74 1
50 330 61 1
582 238 85 0
554 259 95 0
81 405 4 1
362 311 93 0
689 42 61 1
473 752 4 0
605 206 37 1
640 190 96 0
654 202 20 1
42 538 93 1
391 434 91 1
536 443 93 0
490 170 72 1
594 195 45 0
737 482 24 1
498 290 13 0
609 527 73 0
403 783 24 0
2 462 84 1
202 482 1 0
769 717 73 1
412 464 45 0
111 629 77 1
748 323 6 0
756 722 30 0
518 181 17 0
355 354 61 1
579 355 7 0
585 568 46 0
102 632 8 0
529 597 73 0
445 100 77 0
583 201 35 0
708 743 86 1
596 287 1 1
671 518 95 0
598 408 27 1
564 607 31 1
496 740 24 1
562 202 62 0
227 184 88 0
242 113 36 1
483 151 6 1
87 383 74 0
340 470 47 0
597 405 78 1
76 213 83 1
514 244 74 1
562 517 36 1
774 432 22 0
457 38 95 1
696 620 16 0
742 343 53 0
460 146 59 0
331 237 15 1
609 98 99 1
670 31 78 0
83 349 39 0
489 147 9 1
444 497 13 1
295 673 6 1
388 31 23 1
176 790 52 1
1 194 4 0
405 256 32 1
65 723 63 0
740 60 83 1
141 365 10 1
605 636 84 0
128 209 41 1
532 406 64 1
346 784 21 1
38 8 11 0
423 187 21 1
787 724 62 1
623 363 67 1
466 379 4 0
141 11 67 0
372 693 96 1
456 524 5 0
650 284 87 0
366 204 23 0
172 346 22 1
159 215 77 0
753 719 48 0
704 704 63 1
782 98 10 0
9 260 41 0
735 147 51 0
540 250 3 0
134 242 68 1
487 273 91 0
657 780 27 0
690 772 75 0
800 384 75 0
765 562 89 1
517 425 76 0
774 462 38 0
540 361 33 1
313 671 70 1
47 631 8 1
13 119 78 1
717 305 17 0
24 738 27 0
340 290 45 1
300 386 20 0
4 738 37 1
546 442 82 1
308 249 59 1
716 628 67 1
694 478 27 1
585 640 92 0
337 196 56 1
178 779 99 0
205 605 20 0
495 398 47 1
67 185 80 1
587 226 34 0
659 781 56 0
784 258 11 0
772 790 34 1
27 705 60 1
133 468 48 1
668 166 71 1
724 648 96 1
643 224 87 0
405 585 64 0
399 568 22 0
427 31 55 1
519 681 90 0
381 168 85 1
698 353 45 0
528 715 89 0
362 419 8 1
431 547 24 1
698 708 62 1
22 740 19 1
688 316 78 1
599 771 83 1
696 49 37 1
55 76 51 1
510 419 36 0
423 415 58 0
297 17 17 1
149 282 11 1
699 22 50 1
701 313 69 0
250 337 56 1
221 533 39 0
493 646 70 1
280 48 29 0
377 325 95 1
79 89 35 1
477 518 52 0
313 720 90 0
235 193 58 1
114 267 44 0
201 649 95 1
739 1 77 0
580 611 38 0
715 268 57 0
236 318 67 0
1 800 100 1