-1 -1
-1 1308967661
1389192291 1308967661
-1 1389192291
1308967661 -1
1308967661 1308967661
-1 263742160
1308967661 263742160
1308967661 687349657
1308967661 1270952021
0
1308967661 437995704
1389192291 1308967661
622130497 1308967661
1308967661 1884939924
622130497 1308967661
-1 1308967661
-1 1237780950
437995704 -1
1319670042 -1
1733248397 1237780950
1733248397 437995704
1308967661 622130497
437995704 1237780950
2137616782 437995704
1308967661 1270952021
2137616782 -1
0
437995704 1884939924
622130497 2137616782
1270952021
2137616782 437995704
437995704 2137616782
1308967661 1308967661
1308967661 1308967661
622130497 2137616782
687349657 263742160
263742160 2137616782
437995704
2137616782 1237780950
437995704 437995704
1308967661 1308967661
1308967661 1308967661
0
0
1308967661
1
437995704 2137616782
1308967661 2137616782
622130497 263742160
0
1308967661 -1
263742160 1389192291
2137616782 79038409
2137616782 1308967661
1308967661 246021837
1308967661 645330196
707256872 2137616782
2137616782 437995704
2137616782 2137616782
2137616782 2137616782
2137616782 687349657
1319670042 2137616782
2137616782 2137616782
687349657 263742160
437995704 437995704
1733248397 2137616782
0
2137616782 263742160
1308967661 1308967661
1308967661 437995704
1308967661 1884939924
2137616782 2137616782
674098028
2137616782 1308967661
-1 1733248397
1807946024 263742160
263742160 2137616782
1237780950 1308967661
0
437995704 263742160
2137616782 1308967661
1884939924 2137616782
2137616782 1884939924
2137616782 1733248397
437995704 246021837
687349657 1807946024
213120017 2137616782
2137616782 2137616782
2137616782 1308967661
1308967661 2137616782
2137616782 437995704
2137616782 1308967661
2137616782 246021837
1308967661 -1
1308967661
2137616782 1807946024
1308967661 1308967661
2137616782 2137616782
2137616782 1319670042
2137616782 742099271
2137616782 865508908
437995704 742099271
263742160 1308967661
2137616782 1273102837
2137616782 742099271
865508908 1308967661
1
152068227 263742160
865508908 437995704
1807946024 437995704
22
!
2137616782 437995704
437995704 2137616782
0
0
437995704 2137616782
2137616782 2137616782
437995704 707256872
2137616782 1733248397
437995704 2137616782
437995704 1265155090
2137616782 2137616782
1733248397 213120017
948315258 645330196
2137616782 437995704
2137616782
263742160 437995704
437995704 2137616782
2137616782 437995704
0
2137616782 1534749573
2137616782 2137616782
1319670042 2137616782
94315453 263742160
2137616782 437995704
2056232171 437995704
2137616782 2019808976
1319670042 2137616782
2019808976 2137616782
437995704 79038409
2137616782 2137616782
437995704 948315258
2105170287 2137616782
213120017 437995704
437995704 1265155090
0
2137616782
94315453 2137616782
437995704 437995704
!
1308967661 2137616782
2137616782 2137616782
263742160 2137616782
437995704 1273102837
1733248397
687349657 2137616782
1308967661 213120017
437995704 2137616782
437995704 2137616782
437995704 437995704
2105170287 2137616782
437995704 1308967661
1308967661 1308967661
522308740 246021837
437995704 2137616782
522308740 437995704
2137616782 79038409
908802697 865508908
2137616782
1308967661 2137616782
437995704 437995704
437995704 1308967661
2137616782 2137616782
2137616782 437995704
213120017
1319670042 2105170287
437995704 2137616782
152068227 94315453
246021837 2137616782
1308967661 437995704
908802697 1308967661
2122690873 707256872
1
2137616782 437995704
2137616782 1308967661
1884939924 2137616782
2137616782 1308967661
437995704 1308967661
437995704 2019808976
2137616782 2137616782
1237780950 437995704
0
2137616782 437995704
437995704 2137616782
437995704 2137616782
1308967661 196731565
1308967661 2137616782
!
2122690873 1308967661
2137616782 2137616782
1308967661
2137616782 1884939924
437995704
1173591526 2137616782
437995704 437995704
2137616782 2137616782
1308967661 2137616782
2137616782 1308967661
437995704 2137616782
2137616782
1
1458814630 437995704
2137616782 437995704
1308967661 437995704
2137616782 908802697
2122690873 2137616782
437995704 437995704
0
0
1
2137616782 622130497
2137616782 437995704
1308967661 687349657
1173719061 2137616782
437995704 2137616782
1308967661
1915887649 437995704
1308967661 2137616782
2137616782 1273208386
742099271 1807946024
437995704
2137616782 522308740
437995704 437995704
437995704 2137616782
16029770 2137616782
2137616782 437995704
2137616782 2137616782
1524185435 2137616782
437995704 437995704
437995704 134453953
2137616782 437995704
1308967661 437995704
!
-1 2137616782
1821985685 2137616782
2137616782 437995704
1319670042 2137616782
2137616782 1308967661
263742160 2137616782
2137616782 1882654689
0
908802697 2137616782
437995704 2056232171
2137616782 589781858
1821985685 437995704
437995704
437995704 2137616782
437995704 437995704
263742160 2137616782
2137616782
2137616782 1308967661
1
152068227 437995704
1308967661 1308967661
437995704 437995704
2137616782 1308967661
742099271 128105521
0
2137616782 1265155090
2137616782 1821985685
2137616782 2137616782
1308967661 437995704
687349657 1173719061
263742160 1308967661
2137616782
2137616782 2105170287
1915887649
1308967661 2137616782
1308967661 2137616782
437995704 1308967661
1273208386 437995704
1308967661 2137616782
1807946024 437995704
687349657 437995704
2
2137616782 2137616782
437995704 1308967661
551431031 437995704
437995704 437995704
152068227
2137616782
1978780669 1308967661
2137616782 1308967661
437995704 437995704
2137616782 2137616782
437995704 2137616782
0
437995704
1308967661 437995704
948315258 2137616782
2137616782
2137616782 263742160
0
2137616782
!
1308967661 437995704
2137616782 1308967661
1308967661 2137616782
1308967661 437995704
437995704 1308967661
0
2137616782 437995704
2137616782 2137616782
0
1308967661 887657247
2137616782 437995704
2137616782 1308967661
437995704 1308967661
437995704 2137616782
2137616782 2121899518
437995704 866553168
1308967661 437995704
522308740 1458814630
2137616782
676458732 1884939924
2137616782 1265155090
437995704 2137616782
1308967661 2137616782
2137616782 589781858
437995704 2137616782
1308967661
437995704
1494469450 437995704
1254538962 687349657
1
1308967661 437995704
742099271 1389354284
1308967661 1308967661
1308967661 134453953
885613 2137616782
2137616782 2137616782
2137616782 437995704
2137616782
622130497 437995704
2137616782 622130497
2137616782
1389192291
2137616782 866553168
1308967661 2137616782
1884939924 1494469450
2137616782 437995704
1308967661 707256872
437995704 1308967661
1308967661 1308967661
1389354284 1308967661
263742160 2137616782
437995704 1308967661
1308967661
1308967661 1882654689
437995704 437995704
2137616782 437995704
2137616782 1308967661
2137616782 1308967661
1821985685 2137616782
2137616782 645330196
885613 2137616782
2137616782 2137616782
1308967661 2105170287
1308967661 1308967661
2137616782 589781858
263742160 1308967661
437995704 645330196
2137616782 437995704
1524185435 1308967661
437995704 437995704
437995704 2137616782
2137616782 2137616782
437995704 437995704
1308967661 1308967661
1308967661
2137616782 1308967661
437995704 1389354284
437995704 2137616782
2137616782
2137616782 2137616782
0
!
742099271 437995704
1
437995704 1803598358
2137616782 2137616782
2137616782 2137616782
1308967661 1308967661
1308967661 1308967661
0
437995704 94315453
2137616782 437995704
2137616782 1308967661
2137616782 437995704
2137616782 1308967661
2019808976 2137616782
1
437995704 2137616782
437995704 94315453
2137616782 437995704
1
2137616782 1265155090
437995704 437995704
238600542 2137616782
1308967661 2137616782
2137616782
-1 1821985685
645330196 2137616782
437995704 1308967661
437995704 1308967661
2137616782 2137616782
2137616782 1308967661
2137616782 437995704
1308967661 2137616782
1308967661
1
1308967661 437995704
2137616782 1308967661
437995704 437995704
865508908 437995704
437995704 437995704
1308967661 1308967661
437995704 1273102837
1
1308967661 707256872
1308967661 2137616782
1308967661
2
437995704 437995704
437995704
437995704 437995704
2137616782 1308967661
437995704 2137616782
437995704 2137616782
1308967661
16029770 1308967661
437995704 2137616782
2137616782 1308967661
2137616782 196731565
152068227 1308967661
437995704 437995704
1308967661
1
437995704 1173719061
1308967661 1254538962
0
2137616782 2137616782
437995704 437995704
776292144 866553168
196731565 1308967661
0
437995704 1494469450
645330196 1308967661
1371209112 437995704
2137616782 1308967661
2137616782 2137616782
437995704 1308967661
2137616782 2137616782
437995704
437995704 437995704
1308967661 1308967661
2137616782
1
1308967661 437995704
437995704 2122690873
1308967661 1308967661
2137616782 2137616782
2137616782 2137616782
0
437995704 437995704
1978780669 437995704
134453953 2019808976
0
437995704 437995704
1389354284
1389192291 437995704
1308967661
1
1308967661 2137616782
2137616782 437995704
0
2137616782 1308967661
2137616782 437995704
707256872 437995704
1524185435 1308967661
2137616782 776292144
2137616782 2137616782
437995704
!
2137616782 2137616782
226635621 1308967661
2137616782 437995704
2137616782 1389192291
437995704 1308967661
0
2019808976 1308967661
1308967661 1308967661
2137616782
1308967661 1978780669
2137616782 707256872
437995704 2137616782
2137616782 437995704
437995704
1308967661
2137616782 437995704
437995704 1308967661
437995704 437995704
2137616782
437995704 2137616782
2137616782 437995704
1884939924 437995704
1308967661 2137616782
2115084312
437995704 2137616782
1978780669 437995704
2137616782
522308740 1308967661
2137616782
437995704 887657247
2122690873 134453953
861127615 1884939924
1821135 1308967661
2019808976 437995704
1308967661 437995704
0
2137616782 1389192291
1308967661 437995704
1308967661 1308967661
1308967661 2137616782
1308967661 622130497
437995704 437995704
2137616782 1308967661
1308967661 437995704
1308967661 152068227
437995704 196731565
437995704 1959298000
1308967661 1308967661
196731565 1308967661
2137616782 437995704
1
2137616782 437995704
437995704 2137616782
437995704 437995704
437995704 1308967661
94315453 437995704
0
1308967661 1308967661
437995704 437995704
2056232171 437995704
437995704 1308967661
0
2137616782 1308967661
1308967661 2137616782
2137616782 1308967661
1308967661
16029770 2137616782
1807946024 1265155090
2137616782 2056232171
1308967661 2137616782
437995704 437995704
1308967661 1308967661
437995704 707256872
2137616782
437995704 437995704
676458732 861127615
134453953 2137616782
1308967661 645330196
1173719061 908802697
1308967661 2137616782
815927184 1308967661
437995704 2137616782
551431031 437995704
0
2137616782 1821985685
2137616782 2137616782
1308967661 437995704
1821985685 618660402
1308967661 1308967661
437995704
94315453 437995704
196731565 437995704
134453953 1308967661
2137616782 437995704
887657247 437995704
2041743655 196731565
437995704 437995704
437995704 676458732
2137616782 1308967661
437995704 1308967661
0
1173719061 2137616782
437995704 2137616782
1308967661 1308967661
196731565 1308967661
437995704 2137616782
2
1308967661 247761953
1308967661 645330196
2137616782
2137616782
437995704 1308967661
0
437995704 437995704
437995704 437995704
437995704 1308967661
437995704 1265155090
2137616782 1308967661
2137616782 437995704
437995704 437995704
437995704 437995704
437995704
1308967661 1458814630
645330196
0
437995704 437995704
437995704 196731565
437995704 742099271
2137616782
437995704 707256872
1308967661 1308967661
742099271 1308967661
437995704 2137616782
437995704 1959298000
437995704 2137616782
0
437995704 2137616782
742099271 1308967661
437995704 1308967661
707256872 2137616782
2137616782 437995704
437995704 437995704
437995704 2137616782
437995704 2137616782
1308967661 2137616782
1308967661 1308967661
2137616782 2137616782
1308967661 2137616782
128105521 1807946024
437995704 2137616782
1308967661 437995704
2137616782 2137616782
437995704 2137616782
437995704 437995704
2137616782 437995704
615763856 437995704
2137616782 1308967661
437995704 437995704
437995704 156317783
1308967661 2137616782
1884939924 437995704
437995704 622130497
1308967661 437995704
1
2137616782 2137616782
1308967661 1308967661
908802697 1308967661
2137616782 2137616782
437995704 2137616782
0
1821135 946461498
437995704
437995704 551431031
2137616782 2137616782
437995704 2137616782
0
2137616782 437995704
0
437995704 2137616782
3
437995704 2137616782
1
437995704 2137616782
437995704 437995704
2056232171 2137616782
2137616782 1308967661
2137616782 2137616782
2137616782 1308967661
1308967661 1308967661
1254538962 437995704
2030028409 437995704
2137616782 2137616782
437995704 437995704
437995704 1308967661
1319670042 437995704
1
437995704 2137616782
522308740 1402036178
437995704 437995704
1821135 437995704
437995704 437995704
2137616782 2137616782
2137616782 437995704
1308967661 2137616782
437995704 1308967661
437995704 2137616782
437995704 2137616782
437995704 437995704
2137616782 1308967661
2137616782 1308967661
2137616782 2137616782
2137616782 866553168
437995704 1237780950
1
0
3
2137616782 2137616782
437995704 437995704
2137616782 437995704
2137616782 437995704
2137616782 1308967661
437995704
2137616782 2137616782
0
1308967661 1308967661
437995704 1308967661
1308967661 437995704
2137616782 437995704
437995704 437995704
437995704 608153742
437995704 437995704
1026827990 437995704
437995704 437995704
437995704 437995704
437995704 437995704
1308967661 2137616782
2137616782 1308967661
589781858 1319670042
437995704 1273102837
2137616782 247761953
1308967661 2137616782
2137616782 2137616782
437995704 437995704
437995704 1915887649
1308967661 1110425993
2137616782 2137616782
2137616782 2137616782
1
2137616782
1308967661 2137616782
2056232171 1390788364
-1 2137616782
1308967661 437995704
2137616782 1419519802
437995704 1308967661
437995704 2137616782
1308967661 437995704
437995704 1265155090
1308967661 1240110721
437995704 437995704
1308967661 1308967661
2137616782 437995704
1834321910 2137616782
2019808976 2137616782
1308967661 437995704
1319670042 1308967661
1308967661
1308967661 2137616782
1308967661 1884939924
2137616782 2137616782
1524185435 1308967661
946461498 2137616782
948315258 2137616782
2137616782 1308967661
1
2137616782 2137616782
1308967661
437995704 437995704
2137616782 2137616782
2137616782 437995704
1308967661 437995704
437995704 2137616782
2137616782 1573873803
437995704 1169236566
2137616782 1308967661
1
2137616782 437995704
247761953 2137616782
437995704 1308967661
2137616782 1308967661
1540703284 2137616782
1308967661 2137616782
2137616782 437995704
0
437995704 2137616782
437995704 1308967661
2137616782 2137616782
1381688038 437995704
1389192291 437995704
1308967661 2137616782
1308967661
2116054982 2137616782
0
2137616782 1319670042
2137616782 2137616782
1308967661 1308967661
437995704 437995704
1308967661 1389192291
2137616782 2137616782
1308967661
437995704 1308967661
1
1173719061 1308967661
0
2137616782
437995704 1402036178
437995704
1157208754 2137616782
1308967661 437995704
437995704
2137616782 1308967661
437995704 437995704
1308967661 2137616782
355939377 437995704
1915887649 1371209112
437995704 1308967661
2
1308967661 437995704
2137616782 2137616782
2137616782 1308967661
2137616782 2030028409
1308967661 2137616782
437995704 2137616782
2137616782 432374516
437995704 2137616782
1308967661 2137616782
1308967661 1308967661
2137616782 2137616782
2137616782 887657247
2061208341 2137616782
437995704 2137616782
1308967661 1389192291
1308967661 1308967661
437995704 2137616782
1334376406 1308967661
2137616782 926043714
1390788364 2137616782
2137616782 1135615977
2137616782
437995704 2137616782
437995704 640467975
128105521 152068227
437995704 2137616782
437995704 1308967661
2137616782 437995704
2137616782 589781858
0
1308967661 1308967661
1308967661 2137616782
437995704 437995704
1308967661 2137616782
1308967661 377383092
1308967661 2137616782
1308967661 2137616782
1308967661 2137616782
2137616782 437995704
1308967661
2
1240110721 1308967661
2137616782 1308967661
437995704 437995704
1
2137616782 437995704
437995704 437995704
437995704 2137616782
2137616782 437995704
2137616782 2137616782
196731565 2137616782
1
1308967661
2137616782 1308967661
2137616782 2137616782
2137616782
437995704 1308967661
437995704 437995704
1265155090 437995704
437995704 437995704
2
2137616782 2030028409
437995704 437995704
1978780669 437995704
437995704 1834321910
437995704 437995704
2137616782 2121899518
2137616782 437995704
437995704 1308967661
2137616782 2137616782
268763194 2137616782
437995704 2137616782
1
2137616782 1308967661
437995704 2137616782
437995704 1308967661
2137616782 1308967661
2137616782 1915887649
2137616782 2137616782
908802697 2137616782
2137616782 866553168
437995704 2137616782
674098028 2137616782
3
437995704 437995704
1110425993 196731565
1834321910 2137616782
226635621 1308967661
1308967661 1319670042
1308967661 1308967661
437995704 2137616782
1308967661 2137616782
608153742 437995704
1308967661 437995704
1308967661 437995704
1807946024 2137616782
437995704 437995704
437995704 437995704
437995704 437995704
2137616782 2137616782
2137616782 437995704
437995704
1308967661 1308967661
926043714 1308967661
437995704 1308967661
2137616782 2137616782
1308967661 515579460
1308967661 437995704
1308967661 1110425993
196731565 1308967661
437995704 2137616782
437995704 437995704
2137616782 437995704
437995704 437995704
71050247 437995704
2137616782 437995704
0
1026827990 437995704
437995704 437995704
1265155090
437995704 551431031
0
1
437995704 1308967661
2137616782 2137616782
2116054982
2137616782 1308967661
437995704 1882654689
674098028 437995704
2137616782 437995704
0
437995704 1419519802
0
2
1308967661 1884939924
2137616782
437995704 1308967661
1308967661 1308967661
1308967661 2137616782
437995704 946461498
1308967661 2137616782
2137616782 1308967661
437995704
1728851380 2137616782
437995704 437995704
2137616782 2030028409
2137616782 2137616782
926043714 1308967661
1308967661
2137616782 1308967661
437995704 437995704
495701459 437995704
2137616782 437995704
1308967661 1308967661
0
2137616782 437995704
1308967661 437995704
1821985685 2137616782
2137616782 1308967661
1308967661 2137616782
2137616782 437995704
437995704 437995704
1308967661
152068227 437995704
2117715427 437995704
1308967661 437995704
437995704 376610694
2137616782 437995704
1388276688 1308967661
376610694 1308967661
2137616782 437995704
437995704 437995704
437995704 2137616782
437995704 1419519802
437995704 885613
437995704 1308967661
1308967661 1308967661
1110425993 437995704
2137616782 2137616782
2137616782 437995704
2137616782 437995704
437995704 1308967661
437995704 2137616782
1583041346
437995704 1308967661
437995704 437995704
1308967661 1540703284
622130497 1308967661
437995704 437995704
1
1308967661 2030028409
2137616782 437995704
224
2019808976 2137616782
1308967661 1308967661
2137616782 1308967661
2
1308967661 2137616782
2137616782 2137616782
551431031 2137616782
1308967661 2137616782
2137616782 2137616782
1308967661 2137616782
2137616782 2137616782
2
1308967661 1308967661
2137616782 2137616782
1308967661 2137616782
1173719061 1308967661
196731565 1308967661
1540703284 1925437087
1271375106 1308967661
2137616782 2137616782
2137616782 2137616782
2137616782 2137616782
1016743564 2137616782
2137616782 1915887649
2137616782 2137616782
1308967661 2137616782
738096410
2137616782 2137616782
2137616782 2137616782
1308967661
2137616782
2137616782 1308967661
1163433202 1308967661
1136149123 2137616782
2137616782 2137616782
1388276688
2137616782 2137616782
437995704 2137616782
2137616782 2137616782
1308967661 1308967661
946461498 2137616782
2137616782 1308967661
1319670042 2137616782
1308967661 1308967661
2137616782 1308967661
1308967661 2137616782
1308967661 1308967661
328085569 2137616782
2137616782 226635621
2137616782 1389192291
1308967661 1018049040
2137616782 1308967661
0
2137616782 1308967661
437995704 2137616782
1308967661 2137616782
1
1308967661 2137616782
2137616782 1308967661
2137616782 1821985685
2137616782 437995704
887657247 1308967661
196731565 742099271
2137616782 608153742
!
!
1308967661 2137616782
432374516 2137616782
!
1834321910 1841061274
1308967661 1976778025
50709218
2137616782
2137616782 1308967661
1867673338 1308967661
437995704 2137616782
2137616782 1308967661
1308967661 2137616782
1419519802 2137616782
2137616782 226635621
1308967661 134453953
1308967661 1308967661
1821135 676458732
1915887649 1419519802
2137616782 437995704
2137616782 1308967661
1308967661 1308967661
1
1308967661
!
1978780669 1308967661
1308967661 1308967661
1308967661 437995704
0
2137616782 437995704
2137616782 111318180
1308967661 1308967661
0
2137616782
2137616782 2137616782
2137616782 1308967661
1308967661 2137616782
2
!
1821985685 2137616782
1308967661 2137616782
1135615977 1308967661
2137616782 1308967661
1308967661 2137616782
622130497 2137616782
2117715427 1308967661
618660402 2137616782
3
2137616782 2137616782
1308967661 1308967661
2137616782 887657247
815927184 1308967661
887657247 1308967661
1308967661
2137616782 1308967661
1308967661 355939377
2137616782 2137616782
1821135 437995704
887657247 2137616782
772710229 1308967661
2137616782 1752182728
2137616782 2137616782
2137616782 268763194
2137616782 772710229
551431031 608153742
1308967661
2137616782 2137616782
1308967661 2137616782
134453953 2137616782
1308967661 885613
0
1308967661 2137616782
!
1308967661 742099271
2137616782 1308967661
1524185435 866553168
3
1884939924 1308967661
2137616782 2056232171
946461498 1308967661
2137616782 2137616782
2137616782
2
1308967661 815927184
1173591526 1308967661
1308967661
0
1308967661
1308967661 946461498
2041743655 1308967661
1308967661 226635621
1
1136149123 437995704
2137616782 226635621
866553168 2137616782
2137616782 2137616782
1308967661 1308967661
1308967661 128105521
377383092 134453953
2137616782 2137616782
0
1308967661 1308967661
1978780669 1402036178
1308967661 1308967661
1
2137616782 1308967661
2137616782 1163433202
1
1308967661 2137616782
437995704 2137616782
1308967661 1884939924
1308967661 772710229
2137616782 2137616782
2137616782 2137616782
1308967661 1841061274
437995704 437995704
1841061274 2137616782
1524185435 2137616782
1308967661 1308967661
2137616782 1308967661
2137616782 1254538962
2137616782 2137616782
134453953 1308967661
1016743564
0
2137616782 1308967661
0
2137616782
2137616782 1308967661
128105521 1884939924
1834321910 1308967661
1308967661
2137616782 2137616782
1389192291 1308967661
1524185435 437995704
2137616782 1308967661
2137616782 1308967661
2137616782 2137616782
1308967661
1308967661
2137616782 742099271
1308967661 2137616782
1457901347 2137616782
1
1308967661 2137616782
1308967661 376610694
1308967661 104911421
2137616782 676458732
1
2137616782 2137616782
2
!
1026827990 1173719061
2137616782
2137616782 1308967661
1308967661 1026827990
1308967661 437995704
1308967661 2137616782
437995704 437995704
1308967661 1135615977
1308967661 1136149123
2137616782 196731565
1807946024 1308967661
1900062972 815927184
1308967661 2137616782
1018049040 622130497
2137616782 2137616782
1281670334 2137616782
2137616782 1308967661
1281670334 437995704
2137616782 2137616782
640467975 2137616782
1308967661 676458732
2137616782 1308967661
2137616782
2137616782 2137616782
2137616782 2137616782
1308967661
1308967661 2137616782
0
!
1308967661 2137616782
1308967661 2137616782
2137616782 2137616782
1308967661 2137616782
2137616782 1308967661
1308967661 1308967661
250360655
2030028409 707256872
437995704 1308967661
1308967661 1308967661
1457901347 2137616782
1411831461 866553168
2137616782
866553168 1308967661
2137616782 2137616782
2117715427 437995704
1308967661 640467975
1308967661 1373573028
735136703 2137616782
3
437995704 156317783
437995704 134453953
3
1308967661 437995704
1308967661 1733248397
1308967661 2137616782
2137616782
!
0
2137616782 1308967661
2137616782 1308967661
2137616782 1308967661
615763856
1308967661 1752182728
495701459 815927184
94315453 1308967661
1308967661 1308967661
437995704 1308967661
2137616782 2137616782
551431031 1308967661
866553168 1308967661
437995704 2137616782
2137616782 735136703
2137616782 2137616782
437995704 2137616782
2137616782 1884939924
2137616782 2137616782
!
2137616782 866553168
!
815927184
1260513258 2137616782
437995704 707256872
1308967661 1308967661
111318180 104911421
2137616782 1308967661
2137616782 640467975
1308967661 1308967661
2137616782 2061208341
2030028409
2137616782
1733248397 2137616782
437995704 622130497
1308967661
1308967661 1389192291
1308967661
2137616782 2137616782
676458732 2137616782
226635621 1308967661
1308967661 815927184
1308967661 1308967661
1308967661 437995704
0
1308967661 1308967661
1308967661 735136703
1018049040 2137616782
1752182728 2137616782
2137616782 1308967661
104911421 1308967661
1240110721 1308967661
622130497 2137616782
1308967661 1389192291
1163433202 2137616782
2137616782 1308967661
1308967661 742099271
1308967661 2137616782
1308967661 437995704
1821135 1308967661
2137616782
676458732
1308967661 2137616782
437995704 268763194
0
1308967661 1308967661
2137616782 1308967661
0
2137616782 2137616782
1308967661 1308967661
1308967661 1254538962
2137616782 2137616782
437995704 437995704
1308967661 866553168
1308967661 1308967661
437995704 2137616782
2137616782 2137616782
1308967661
1308967661 1308967661
2137616782
2137616782 1308967661
2137616782 1308967661
437995704 437995704
437995704 268763194
495701459 2137616782
2137616782 1308967661
815927184
676458732 2137616782
1308967661
1308967661 1308967661
1758095930 2061208341
1308967661
22999424 2137616782
2137616782 1308967661
226635621
111318180 437995704
2137616782 815927184
1389192291 2137616782
1308967661 1308967661
2137616782 1803598358
2137616782
1308967661 196731565
1308967661 676458732
1308967661 1308967661
1419519802 1308967661
328085569 1240110721
1308967661 1308967661
2056232171 1308967661
2137616782 2137616782
437995704 2137616782
2137616782 1978780669
2137616782 1173591526
2137616782 2137616782
2137616782 1308967661
!
437995704 2137616782
1308967661 742099271
1308967661 1834321910
2041743655 2137616782
1308967661 2137616782
437995704 1308967661
1915887649 2137616782
946461498 1308967661
1260513258 1299454804
1308967661 2137616782
2137616782 1308967661
437995704 1308967661
437995704 1308967661
2137616782 1016743564
1308967661 1308967661
2137616782 1308967661
2137616782 1308967661
1308967661 615763856
1308967661 2137616782
640467975 2137616782
2137616782 437995704
2
0
1308967661 1308967661
1271375106 2137616782
1389192291 1308967661
2137616782
2137616782 1308967661
1016743564 1308967661
437995704 2137616782
1308967661 1308967661
1308967661 1308967661
1308967661 437995704
2137616782 1308967661
437995704
2137616782 1389192291
2137616782 1110425993
2137616782 2137616782
437995704 1308967661
1402036178 1308967661
492689107
437995704 2137616782
437995704 1254538962
1308967661 2137616782
1373573028 1900062972
2137616782 1308967661
2137616782 247761953
1
1648125895 1308967661
1308967661 2137616782
2137616782 437995704
226635621 515579460
111318180 96295758
437995704 1308967661
2137616782 2137616782
1271375106 2137616782
2137616782
1308967661 2137616782
1308967661 1752182728
2137616782 437995704
1308967661 1308967661
1308967661 1308967661
2137616782 437995704
437995704 437995704
742099271 1334376406
2137616782 2137616782
1389192291 1026827990
2137616782 1733248397
885613 1308967661
2137616782 2137616782
2137616782
2137616782 1308967661
1308967661 855723239
1308967661 1308967661
2137616782 2137616782
1308967661 608153742
437995704 2137616782
1308967661 2137616782
1308967661 2137616782
1308967661 1308967661
1308967661 2030028409
645330196 2137616782
1
1136149123 2137616782
134453953 2137616782
1308967661 2137616782
1915887649 2137616782
437995704
1807946024 1308967661
437995704 1308967661
1308967661 1308967661
946461498 2137616782
1260513258 2137616782
156317783 2137616782
247761953 1308967661
2137616782 2137616782
2137616782 2137616782
1308967661 2137616782
377383092 1373573028
437995704 1959298000
2
1308967661 738096410
1308967661 2137616782
1
2137616782 885613
437995704 2137616782
94315453 1308967661
437995704 645330196
1308967661 1308967661
2137616782 1308967661
1308967661
1308967661 1308967661
226635621 2137616782
2137616782 2137616782
2056232171 1308967661
1136149123 437995704
2
610962291 2137616782
2137616782 437995704
2137616782 1308967661
1389192291 1254538962
1308967661 2137616782
2137616782 1308967661
2137616782
1215057416 2137616782
1308967661 589781858
495701459 246021837
437995704 1308967661
1153785776 742099271
2137616782 1381688038
437995704 1308967661
2137616782 946461498
2
0
2137616782 1308967661
946461498 22999424
1583041346 2137616782
1752182728 2137616782
1308967661 437995704
707256872 1308967661
1308967661 94315453
1308967661 2137616782
2137616782 1373573028
2137616782 1254538962
1
1308967661 2137616782
437995704 1308967661
1308967661 437995704
2137616782 926043714
2137616782 1308967661
437995704 1733248397
2137616782 2137616782
1308967661 2137616782
1308967661 887657247
1308967661 1308967661
432374516 1308967661
226635621 1308967661
1308967661 1308967661
1336334525 855723239
4
551431031 1419519802
!
1308967661 2137616782
1308967661 437995704
2137616782 2137616782
1308967661 1308967661
1308967661 1915887649
376610694 2137616782
2137616782 1308967661
467350523 1308967661
1308967661 1308967661
946461498 1336334525
1244152647 2137616782
2
1308967661 1308967661
2137616782 2137616782
437995704 226635621
865890132
1
437995704 299583194
437995704 1900062972
2137616782 437995704
1308967661
2137616782 2137616782
1308967661 1308967661
1173591526 1308967661
376610694 437995704
0
2137616782 1388276688
2137616782 437995704
1308967661 589781858
2137616782 1308967661
815927184 437995704
152068227 1308967661
1308967661 437995704
1136149123
2137616782 1308967661
2137616782 610962291
437995704 1308967661
1308967661 1900062972
247761953
2137616782 1308967661
2137616782 2137616782
1308967661 134453953
2137616782 2137616782
2137616782 1308967661
2137616782 1308967661
1016743564 437995704
1308967661 1308967661
!
437995704 1308967661
589781858 437995704
1308967661 1373573028
1308967661 437995704
2137616782 2137616782
1733248397 2137616782
2137616782
2137616782 946461498
2137616782 1308967661
2137616782 1308967661
2122690873 1308967661
1419519802 1308967661
608153742 2137616782
0
589781858 2137616782
926043714 2137616782
2137616782 589781858
1308967661 2137616782
!
437995704 2137616782
1308967661 735136703
437995704 2137616782
!
!
2137616782
1308967661 2137616782
1308967661
2137616782 437995704
615763856 2137616782
707256872 1308967661
376610694 615763856
2137616782 2137616782
1308967661 111318180
1821135 2137616782
2137616782 2137616782
1308967661 615763856
2137616782 2117715427
2137616782 2137616782
0
1215057416 2137616782
1
1308967661 1308967661
1308967661 2137616782
2137616782 437995704
1308967661 1308967661
1308967661 1308967661
2137616782 111318180
2137616782 2137616782
1308967661 1308967661
1299454804
1163433202 1308967661
1308967661 1308967661
1110425993 1402036178
1169236566 2137616782
1240110721 1308967661
2137616782 2137616782
2137616782 1308967661
1308967661 2137616782
1308967661 134453953
707256872 2137616782
437995704 1260513258
!
1728851380 1959298000
1308967661 1732674194
1308967661
1308967661 437995704
134453953 2137616782
1
1915887649 1338852924
1308967661
1
2137616782 1110425993
1308967661 946461498
2137616782 1308967661
2
2137616782 2137616782
152068227 738096410
1841061274 437995704
2137616782 2137616782
2137616782 1308967661
152068227 2137616782
2137616782 2137616782
2137616782
521901773 1308967661
1273102837 1308967661
2137616782 2137616782
2137616782 2137616782
2137616782 1308967661
1308967661 742099271
1308967661 2137616782
!
2137616782 437995704
1807946024 2137616782
1308967661 2137616782
2137616782 1308967661
1308967661 1976778025
1
432374516 1308967661
226635621 437995704
1
1308967661 152068227
2137616782 1308967661
885613
2137616782 2137616782
1706281562 2137616782
1308967661 589781858
1308967661 2137616782
437995704 1308967661
1308967661 1308967661
1308967661
437995704 1308967661
2137616782 2137616782
2137616782 2019808976
1308967661 1308967661
437995704 2137616782
1308967661
2137616782 1308967661
2137616782 2137616782
2137616782 1308967661
1308967661
1308967661 2137616782
1308967661 1308967661
437995704 2137616782
1389192291 2137616782
2137616782 2137616782
2137616782 2137616782
1308967661 134453953
2
2137616782 2137616782
2137616782 1308967661
437995704 104911421
2137616782
1308967661 2137616782
1
1308967661
128105521 1308967661
2137616782 405936579
2137616782
2137616782 946461498
1752182728 437995704
1308967661 437995704
437995704 1308967661
437995704 1308967661
1308967661 1308967661
1308967661
!
1308967661 22999424
1215057416 1308967661
437995704 2137616782
2137616782 437995704
2137616782 2137616782
437995704 2137616782
1254538962 1308967661
1308967661 1308967661
1884939924 2137616782
2137616782 2137616782
1
2137616782 2137616782
2137616782 1308967661
437995704 855723239
2137616782 2137616782
283655575 2137616782
2137616782 618660402
2137616782 1308967661
437995704
1
492689107 1308967661
1308967661 437995704
437995704 437995704
437995704 1308967661
2
1308967661 1308967661
2137616782
9051071 2137616782
0
2137616782 2137616782
0
!
2137616782 2137616782
1308967661 1308967661
2137616782 1018049040
1308967661 2137616782
1308967661 2137616782
2137616782 134453953
887657247 437995704
1308967661
2137616782 1308967661
1
1
2137616782 1308967661
2137616782 2137616782
96295758 104911421
1308967661 437995704
608153742 437995704
1308967661 2137616782
2137616782 2137616782
2137616782 1308967661
128105521 1308967661
1308967661
1308967661 437995704
2137616782 1308967661
1260513258 2137616782
2137616782
1308967661 437995704
2137616782 2137616782
437995704 1308967661
1308967661 437995704
1308967661 2137616782
2137616782 2137616782
437995704 1308967661
2137616782 2137616782
2137616782 2019808976
1308967661 377383092
437995704 2137616782
2137616782 1308967661
0
1308967661 1308967661
948315258 1308967661
437995704 437995704
1308967661 1389192291
2137616782 1807946024
2137616782 1648125895
2137616782 2137616782
1308967661 1308967661
1308967661 1308967661
2137616782
1265155090 2137616782
2115084312 2137616782
2137616782 437995704
608153742 1598272670
1308967661 437995704
2137616782 2137616782
1308967661
2137616782 437995704
2137616782 437995704
2137616782 1402036178
608153742 2137616782
200
2137616782 2137616782
1308967661 1308967661
2137616782 2137616782
1215057416 1308967661
887657247
2137616782 1308967661
1308967661 1308967661
2
1308967661 1308967661
2137616782 2137616782
1308967661 2137616782
2137616782 2137616782
1419519802 1969093232
1308967661 946461498
2137616782
1308967661 2137616782
!
2137616782 1135615977
1884939924 1308967661
2137616782 1308967661
1308967661 437995704
1834321910 1706281562
238600542 2137616782
1308967661 1308967661
0
!
1308967661 2137616782
2137616782 1308967661
!
1308967661 655047956
2
2137616782 855723239
1308967661 2137616782
2137616782 1308967661
283655575 1308967661
2137616782 2137616782
1136149123 1308967661
946461498
1308967661 855723239
2137616782 735136703
1900062972 495701459
2
2137616782 610962291
2137616782 2137616782
1
1308967661
1308967661 1308967661
1308967661 2137616782
2137616782 1308967661
618660402 1308967661
2137616782 1018049040
1752182728 2137616782
1308967661 1308967661
1
2137616782 1308967661
2137616782 2137616782
1308967661 226635621
610962291 2137616782
2137616782 2137616782
1308967661 1308967661
2137616782 96295758
1215057416 1896169841
2137616782 2137616782
2137616782 735136703
1752182728 2137616782
1308967661 1273102837
1308967661 2137616782
2137616782 2137616782
1308967661 2137616782
1
!
1821135 9051071
1308967661 1308967661
!
1308967661 2137616782
2137616782 1308967661
1110425993
615763856
1959298000 1308967661
1308967661 1308967661
2137616782 466912951
2137616782 1308967661
2137616782 1308967661
1308967661 1336334525
1308967661 2137616782
622130497 2137616782
2137616782 2137616782
!
610962291 111318180
2137616782 1308967661
655047956 2137616782
!
2137616782 1308967661
2137616782 1583041346
1308967661 1308967661
2121899518 1733248397
1308967661 2137616782
1308967661
1308967661 96295758
!
2137616782 2137616782
1308967661
2137616782 2137616782
2137616782 1308967661
521901773 1308967661
2137616782 1900062972
1807946024 1308967661
2137616782 128105521
707256872 1308967661
2137616782 676458732
1136149123 104911421
1308967661 1308967661
2
1308967661 589781858
1
1389192291 1026827990
2056232171 1308967661
515579460 2137616782
226635621 1308967661
1026827990 1336334525
1336334525 2137616782
0
1308967661
1308967661 1308967661
1308967661 2137616782
1308967661 742099271
2137616782 2137616782
2137616782 1308967661
946461498 1308967661
1308967661
2137616782 1308967661
1308967661 2137616782
2137616782 2137616782
1308967661 1308967661
1308967661 655047956
515579460 377383092
!
2137616782 2137616782
2
2137616782 2137616782
104911421 1308967661
1308967661 2137616782
2137616782 226635621
2137616782 1308967661
1153785776 2137616782
2137616782 2137616782
2137616782
1308967661 1153785776 1758095930 2137616782 247761953 735136703 2137616782 1308967661 2137616782 1308967661 2137616782 2137616782 2137616782 2137616782 1308967661 2137616782 437995704 2137616782 2137616782 2137616782 2137616782 437995704 2137616782 2137616782 2137616782 1308967661 1308967661 1308967661 1308967661 1308967661 1026827990 1173719061 1308967661 1308967661 1308967661 1215057416 1308967661 1308967661 2137616782 2137616782 106312498 1583041346 2137616782 1308967661 2137616782 1308967661 2137616782 2137616782 1915887649 1308967661 2137616782 1308967661 735136703 1752182728 1925437087 2137616782 1308967661 2116054982 1900062972 1308967661 495701459 2137616782 246021837 2137616782 1308967661 1308967661 1308967661 2137616782 1758095930 2137616782 2061208341 2137616782 376610694 1018049040 405936579 2137616782 2137616782 610962291 437995704 111318180 2137616782 948315258 1308967661 2137616782 1308967661 1308967661 1308967661 660346527 1308967661 2137616782 1821135 1308967661 9051071 238600542 2137616782 2137616782 1308967661 1308967661 437995704 96295758 2137616782 1308967661 676458732 1308967661 2137616782 1884939924 1165483034 1308967661 1648125895 432374516 1308967661 1308967661 608153742 946461498 2137616782 1308967661 622130497 22999424 2137616782 2137616782 2137616782 1308967661 1390788364 2137616782 437995704 610962291 2137616782 1976778025 2137616782 1308967661 2137616782 1308967661 1308967661 1841061274 2137616782 1867673338 1308967661 1308967661 1308967661 1308967661 437995704 2137616782 1308967661 2137616782 1308967661 111318180 96295758 1308967661 104911421 1308967661 2137616782 2137616782 1402036178 1308967661 437995704 2137616782 377383092 1308967661 1373573028 156317783 2137616782 2137616782 2137616782 2137616782 134453953 1308967661 676458732 1308967661 1308967661 2137616782 1308967661 1308967661 1308967661 2137616782 1136149123 1308967661 2137616782 1308967661 2137616782 2137616782 495701459 2137616782 1273102837 1308967661 2137616782 1308967661 1308967661 2137616782 610962291 2137616782 2137616782 2137616782 1308967661 1308967661 1308967661 2137616782 2137616782 815927184 608153742 1598272670 1308967661 1308967661 1308967661 2137616782 2137616782 844190655 645330196 2137616782 2137616782 437995704 1308967661 1308967661 551431031 1336334525 1419519802 437995704 1969093232 1308967661 1308967661 152068227 1308967661 2137616782 738096410 2137616782 2137616782 2137616782 2137616782 2137616782 2137616782 776292144 2137616782 2137616782 111318180 1308967661 2137616782 1016743564 1308967661 1308967661 2137616782 522308740 2137616782 1308967661 2137616782 2122690873 1308967661 1308967661 134453953 1308967661 2137616782 1281670334 1308967661 1308967661 1308967661 1308967661 2137616782 1308967661 1373573028 2137616782 2137616782 2137616782 1308967661 1308967661 2137616782 2121899518 2137616782 196731565 2137616782 2137616782 1308967661 1308967661 1308967661 1308967661 2137616782 1381688038 1308967661 2137616782 1821135 2137616782 1494469450 1308967661 1260513258 1308967661 2137616782 2137616782 2137616782 1706281562 1308967661 1308967661 2137616782 2137616782 1308967661 2137616782 2137616782 1157208754 2137616782 2137616782 2137616782 2137616782 707256872 1308967661 1419519802 622130497 2137616782 687349657 2137616782 77707355 226635621 2137616782 1308967661 1308967661 2137616782 2121899518 2137616782 1733248397 1308967661 283655575 1308967661 1308967661 2137616782 2137616782 1308967661 22999424 1308967661 1308967661 1308967661 2137616782 2137616782 1308967661 1308967661 1389192291 437995704 1026827990 1308967661 1308967661 376610694 177923673 226635621 1308967661 1308967661 515579460 2137616782 377383092 2137616782 134453953 2137616782 2137616782 1381688038 2137616782 2137616782 2137616782 1308967661 1308967661 1308967661 2137616782 1308967661 1648125895 618660402 437995704 1308967661 1308967661 2137616782 1308967661 2137616782 2137616782 2137616782 1308967661 1334376406 1308967661 1308967661 655047956 1896169841 2137616782 2137616782 377383092 2137616782 2137616782 2137616782 2137616782 2137616782 1244152647 2137616782 1308967661 2137616782 437995704 1308967661 1308967661 2137616782 2137616782 1388276688 1308967661 1728851380 2137616782 1959298000 2056232171 2137616782 1308967661 1308967661 1308967661 104911421 2137616782 1308967661 2137616782 2137616782 134453953 551431031 2137616782 1308967661 1308967661 2137616782 437995704 1706281562 2137616782 2137616782 2137616782 299583194 1308967661 16029770 1308967661 1308967661 1308967661 2137616782 1976778025 1281670334 1308967661 1308967661 134453953 1841061274 1308967661 2137616782 2137616782 2137616782 437995704 2137616782 1308967661 1805628350 2137616782 1915887649 1308967661 2137616782 2137616782 1371209112 2137616782 2137616782 2137616782 2137616782 1821985685 1110425993 2137616782 1402036178 1308967661 1308967661 2137616782 1308967661 2137616782 2137616782 1273102837 1308967661 1308967661 1308967661 1308967661 2137616782 2137616782 1308967661 1135615977 1215057416 1308967661 1896169841 1308967661 2137616782 2137616782 2137616782 437995704 2137616782 2137616782 2137616782 2137616782 1308967661 1163433202 1805628350 1308967661 2137616782 2137616782 1308967661 1308967661 2137616782 2137616782 1733248397 2137616782 2137616782 2137616782 2137616782 1308967661 1308967661 2137616782 1308967661 2137616782 2137616782 2137616782 866553168 2137616782 2137616782 2137616782 865890132 1308967661 1308967661 2137616782 1308967661 437995704 2137616782 1389192291 2137616782 2137616782 377383092 1254538962 94315453 328085569 1240110721 2137616782 1016743564 1308967661 1308967661 1165483034 2137616782 2137616782 2137616782 2137616782 1308967661 2137616782 1308967661 1308967661 2137616782 1308967661 1308967661 1308967661 2137616782 2137616782 2137616782 1308967661 1308967661 1308967661 926043714 1308967661 2137616782 1308967661 1308967661 2137616782 2137616782 1308967661 1308967661 1308967661 1308967661 1308967661 2137616782 2137616782 2137616782 1308967661 2137616782 2137616782 1308967661 1308967661 2137616782 1308967661 1884939924 1308967661 2137616782 1308967661 742099271 1308967661 1334376406 1308967661 1308967661 1308967661 1308967661 152068227 1807946024 2137616782 1308967661 1308967661 432374516 1308967661 1026827990 437995704 1336334525 2137616782 1308967661 2137616782 855723239 1308967661 1308967661 1308967661 1308967661 1308967661 2137616782 2132209947 1308967661 2137616782 1969093232 1308967661 196731565 1308967661 1308967661 1308967661 2137616782 742099271 1308967661 2137616782 1308967661 2137616782 2137616782 2137616782 1308967661 1308967661 887657247 707256872 1308967661 946461498 1308967661 1308967661 1308967661 1308967661 2137616782 2137616782 1308967661 2137616782 2137616782 2137616782 2137616782 1308967661 2137616782 1308967661 2137616782 926043714 1308967661 2137616782 622130497 1308967661 437995704 226635621 1308967661 674098028 2137616782 1733248397 2137616782 1308967661 2137616782 2137616782 1165483034 2137616782 2137616782 1308967661 707256872 1308967661 1308967661 2137616782 1308967661 2137616782 2137616782 2137616782 405936579 1308967661 2137616782 2137616782 1308967661 610059406 1308967661 2137616782 2137616782 376610694 2137616782 1308967661 515579460 1389354284 2137616782 1308967661 1389192291 1308967661 2137616782 2137616782 2137616782 1308967661 2137616782 1752182728 1308967661 2137616782 1308967661 1308967661 1308967661 610962291 2137616782 1308967661 2137616782 1308967661 1821135 946461498 1336334525 1308967661 2137616782 1136149123 2137616782 104911421 2137616782 2137616782 2137616782 560148345 2137616782 1308967661 1260513258 2137616782 2137616782 1299454804 2137616782 1308967661 1402036178 1308967661 1308967661 437995704 2137616782 1389192291 1308967661 1308967661 1308967661 1308967661 152068227 2137616782 238600542 1308967661 1308967661 2137616782 1308967661 1254538962 2137616782 2137616782 2137616782 1308967661 1308967661 2137616782 1389192291 2137616782 2137616782 1308967661 1308967661 226635621 1254538962 1807946024 1308967661 1308967661 2137616782 1308967661 1308967661 2030028409 707256872 1308967661 1308967661 2137616782 2137616782 1308967661 2137616782 1308967661 2137616782 2137616782 377383092 1308967661 2137616782 2137616782 2137616782 1308967661 1308967661 2137616782 589781858 2041743655 77707355 2137616782 2137616782 2137616782 1308967661 2137616782 1308967661 196731565 2137616782 77707355 2137616782 1308967661 1308967661 2137616782 2137616782 1308967661 2137616782 437995704 96295758 2137616782 2137616782 1308967661 2137616782 2137616782 2137616782 1308967661 1308967661 1240110721 2137616782 1308967661 1308967661 2137616782 134453953 2137616782 94315453 2137616782 1308967661 1308967661 1308967661 2137616782 1308967661 2137616782 1308967661 1308967661 1273102837 2137616782 1308967661 2137616782 1308967661 1884939924 1308967661 2137616782 1240110721 1308967661 1308967661 376610694 615763856 2137616782 2137616782 1308967661 2137616782 1308967661 2137616782 2137616782 1807946024 946461498 1308967661 2137616782 2137616782 2137616782 226635621 1308967661 437995704 1308967661 2137616782 2137616782 2137616782 1308967661 1308967661 2137616782 1308967661 2137616782 1308967661 1157208754 772710229 1308967661 1308967661 1308967661 1273102837 1308967661 2137616782 615763856 2137616782 2137616782 679021714 2137616782 1308967661 1254538962 2137616782 1308967661 2137616782 2137616782 2137616782 1308967661 1153785776 2137616782 742099271 1411831461 1308967661 104911421 866553168 1308967661 1308967661 2137616782 1915887649 948315258 1419519802 655047956 2137616782 2137616782 2137616782 2137616782 2137616782 2137616782 2137616782 2137616782 1308967661 1308967661 492689107 660346527 1308967661 250360655 1308967661 1308967661 1308967661 2137616782 2137616782 2137616782 1308967661 2137616782 1308967661 551431031 608153742 1308967661 2137616782 622130497 2137616782 1308967661 437995704 1308967661 2137616782 1308967661 1308967661 2137616782 2137616782 1308967661 2137616782 2117715427 1308967661 1281670334 1308967661 742099271 2137616782 622130497 1583041346 2137616782 2137616782 1308967661 676458732 2137616782 2137616782 948315258 1308967661 2137616782 1308967661 1752182728 2137616782 2137616782 2137616782 2137616782 1308967661 437995704 1308967661 1308967661 1018049040 2137616782 1884939924 1373573028 2137616782 2115084312 1900062972 1807946024 1308967661 2137616782 1308967661 2137616782 2115084312 2137616782 1308967661 1308967661 1732674194 2137616782 1308967661 2137616782 2137616782 1308967661 1173591526 2137616782 1308967661 1308967661 1308967661 437995704 589781858 1265155090 2137616782 2137616782 2137616782 1308967661 2137616782 1308967661 2137616782 2137616782 1925437087 128105521 1308967661 1308967661 521901773 2137616782 1308967661 1308967661 111318180 885613 2137616782 2137616782 1308967661 2137616782 2137616782 1308967661 2137616782 2137616782 1135615977 1308967661 2137616782 1388276688 299583194 866553168 610962291 1308967661 2137616782 1308967661 2137616782 1308967661 1758095930 608153742 2137616782 1308967661 2137616782 1308967661 1308967661 2137616782 1308967661 2137616782 2137616782 1308967661 1308967661 1308967661 735136703 2137616782 2137616782 405936579 2137616782 1308967661 2137616782 1018049040 622130497 437995704 2137616782 1016743564 1308967661 2137616782 106312498 1308967661 2137616782 1308967661 1308967661 887657247 1308967661 1752182728 