1000
1 356
1 996
4 2
5 1
1 147
1 859
1 356
1 334
3 356
4 1
5 1
1 859
1 591
1 260
4 1
5 2
1 996
4 2
1 937
1 133
2 334
1 792
1 792
1 267
1 591
2 667
1 591
5 1
2 133
1 549
1 792
1 792
4 3
3 936
1 792
1 133
3 334
2 792
1 244
1 549
1 826
2 896
5 1
5 1
5 1
4 2
3 549
3 859
1 244
5 1
1 371
1 52
4 8
5 5
1 672
2 686
1 394
1 153
5 1
1 591
2 371
4 12
4 4
1 69
2 937
2 736
1 672
1 435
4 2
1 979
1 688
4 1
1 937
1 30
1 399
3 168
1 399
2 244
1 244
2 792
1 158
2 216
4 9
3 289
1 69
1 541
3 583
1 797
1 679
1 133
1 133
3 857
1 287
1 137
1 28
1 541
1 233
1 979
1 672
1 591
1 591
3 465
1 996
3 802
1 667
1 399
5 2
5 2
5 1
4 16
2 287
5 1
1 233
1 477
2 174
2 937
1 541
4 30
1 651
1 937
1 315
1 792
2 28
5 3
4 6
1 707
5 5
5 1
2 133
1 651
4 25
1 133
3 394
4 30
4 3
1 260
1 541
2 225
5 1
2 416
5 4
5 1
3 996
1 651
1 153
1 979
1 672
1 667
2 366
1 463
1 813
5 1
1 651
3 133
1 850
1 545
5 1
1 376
1 337
1 878
1 659
1 937
1 980
1 337
1 68
1 51
1 813
4 28
3 111
4 18
4 6
1 651
1 477
1 797
2 137
1 466
1 435
5 2
1 944
5 2
1 792
2 908
1 692
4 4
1 38
1 260
1 477
1 68
1 958
4 42
1 792
1 792
5 3
4 43
1 28
2 667
3 591
2 133
1 6
1 94
1 767
1 144
1 173
1 147
3 249
1 354
5 1
1 406
3 101
1 51
1 379
1 137
2 51
1 337
1 629
3 315
3 337
4 9
1 631
3 354
1 163
1 937
4 8
5 3
2 300
1 792
3 824
1 679
1 568
1 965
1 767
1 944
5 3
1 813
4 2
1 977
1 586
4 33
1 878
3 909
1 629
2 679
1 244
1 878
1 102
1 856
3 610
1 265
2 767
3 889
4 14
1 580
1 946
1 6
5 2
5 3
1 312
3 112
1 128
3 694
1 42
1 371
5 6
5 1
5 1
1 428
1 767
1 94
1 74
4 55
3 618
5 1
1 503
1 163
5 1
1 307
1 927
2 233
1 596
4 30
4 44
3 667
1 826
4 33
2 568
5 2
4 60
1 977
2 144
4 4
1 140
3 797
1 888
3 756
1 128
1 428
1 399
4 58
2 425
1 363
2 63
1 620
4 3
1 656
5 1
1 3
2 670
2 363
4 61
5 1
1 523
1 864
3 883
2 813
1 838
5 3
1 767
1 607
3 707
1 452
5 1
3 28
1 306
5 3
3 522
1 658
4 5
1 780
2 221
1 157
1 74
3 192
1 365
1 528
1 984
5 1
2 629
1 560
1 286
1 780
1 371
1 344
1 81
5 5
1 8
1 17
1 795
2 233
5 1
1 315
3 428
1 927
1 635
3 286
5 2
4 30
3 857
1 255
1 937
1 923
5 2
3 986
1 68
3 94
1 765
3 850
3 557
1 344
3 30
1 635
3 838
1 688
4 33
4 20
5 4
1 62
1 994
4 65
1 102
2 804
5 5
1 73
5 2
1 568
4 58
1 376
4 88
1 306
1 952
5 1
3 940
1 123
1 157
1 210
1 244
1 452
1 310
1 452
1 427
4 10
2 306
1 629
1 173
1 386
1 95
4 17
1 795
2 826
1 244
1 532
1 523
1 471
1 958
1 942
1 180
1 826
5 3
1 701
1 541
1 62
1 826
1 471
2 77
1 399
1 371
1 965
1 123
1 765
1 137
5 2
1 144
1 376
1 363
2 923
1 826
4 76
1 188
4 8
1 463
3 127
3 355
4 6
4 75
1 283
1 651
1 22
1 523
1 195
2 529
5 1
4 109
1 937
1 616
1 503
1 344
4 71
1 338
4 104
1 255
1 338
3 17
1 379
5 1
1 456
1 210
1 923
3 241
5 2
5 1
1 503
1 937
2 901
1 568
1 435
5 1
4 90
5 1
2 577
1 765
4 96
4 89
1 427
1 700
5 1
1 363
1 99
3 427
1 58
1 149
1 269
3 920
2 51
5 1
5 2
3 238
3 310
1 123
3 99
1 945
1 635
3 856
1 543
3 864
3 631
1 217
1 826
2 503
5 2
5 1
1 568
5 2
2 446
1 91
1 34
3 944
1 70
4 18
1 977
1 814
1 403
3 450
2 612
2 765
1 657
1 826
1 878
1 350
3 174
2 73
4 113
1 22
1 562
5 1
1 348
3 672
2 942
1 338
1 800
1 109
3 523
1 257
1 365
5 5
1 363
1 965
3 895
1 878
5 4
1 42
2 558
1 138
5 1
1 959
1 330
3 276
1 580
2 330
1 466
1 528
1 996
2 937
5 1
1 340
3 302
1 92
1 965
1 718
2 598
1 231
1 607
1 718
2 72
1 315
3 939
1 22
1 765
3 560
5 2
5 1
2 611
1 306
1 210
4 65
1 707
1 899
1 9
1 865
1 296
1 102
4 9
3 122
1 345
5 1
1 431
4 55
4 29
3 206
1 545
4 80
1 580
1 558
2 155
1 58
1 945
2 255
5 1
1 765
1 431
3 734
1 568
1 190
1 558
1 765
1 413
1 892
4 12
1 607
1 629
1 718
1 173
5 2
1 765
1 792
1 413
5 1
1 22
3 195
1 47
1 153
5 2
2 935
1 173
1 876
3 688
1 481
2 541
2 952
5 1
1 260
1 958
1 679
1 265
1 123
2 892
1 528
1 330
5 3
1 413
1 306
5 1
3 836
1 651
2 51
3 596
4 111
3 568
2 77
5 1
1 843
1 923
1 965
1 345
5 1
5 1
4 21
5 1
2 532
1 420
5 1
4 10
1 716
1 850
1 73
1 746
1 231
1 428
1 6
5 4
5 1
2 243
1 528
1 700
5 3
5 2
1 528
2 977
1 1
1 506
4 32
1 450
5 5
1 94
3 260
4 102
5 1
5 3
1 843
5 6
1 855
1 173
1 198
1 9
1 966
1 19
2 109
1 620
1 450
1 827
1 313
1 865
1 770
4 86
1 994
1 96
1 923
4 132
1 406
1 553
1 572
1 362
5 2
1 440
1 545
1 217
4 40
3 95
1 843
1 312
1 686
5 2
5 2
1 34
4 150
5 2
1 338
2 621
1 396
1 483
3 876
1 923
4 49
1 628
1 628
4 38
1 306
1 679
3 251
1 140
4 105
1 607
1 19
1 81
1 503
4 44
1 576
2 899
3 55
1 572
2 232
1 493
3 515
1 679
5 1
4 106
1 587
1 474
1 831
3 91
1 897
5 5
3 690
5 1
2 596
1 528
3 396
3 666
4 58
4 127
5 1
4 128
3 700
1 991
1 450
3 841
1 19
3 123
1 264
1 255
1 451
5 1
1 958
1 174
1 244
1 450
2 466
1 353
4 50
1 997
4 66
1 937
2 791
5 1
3 162
4 35
1 923
1 472
1 545
1 353
3 991
1 81
5 1
3 878
1 425
1 54
5 3
1 392
2 269
4 96
3 487
1 988
1 412
1 56
1 718
1 399
1 79
1 41
1 707
1 742
1 616
1 840
2 360
4 79
2 923
4 140
1 425
5 3
5 1
4 76
3 24
3 884
1 780
1 306
5 1
1 807
1 431
2 796
4 129
1 686
1 92
4 157
2 665
1 806
1 255
4 143
1 692
1 615
1 679
1 608
1 652
5 2
5 3
1 348
2 892
5 1
1 210
1 338
2 857
1 572
3 92
4 147
3 490
2 785
1 413
5 1
4 178
1 691
3 843
1 923
1 343
1 670
3 443
1 826
3 495
3 19
3 607
1 255
1 572
1 158
1 365
1 283
1 386
1 800
4 25
4 32
1 716
2 412
1 342
2 121
1 496
2 58
2 348
3 231
3 126
1 471
4 116
5 7
1 856
1 209
1 553
1 800
1 737
1 679
4 54
1 76
1 580
3 97
1 144
5 2
1 952
4 31
2 716
3 193
4 5
4 54
3 79
1 451
5 2
1 349
1 615
1 425
1 958
1 523
2 923
1 306
4 186
5 2
5 1
5 1
3 888
3 283
1 27
1 180
1 855
1 818
1 947
1 553
1 599
1 509
2 730
2 75
5 1
5 5
4 167
5 5
1 599
1 536
1 222
3 704
1 562
2 325
3 244
1 553
1 211
4 106
1 700
1 620
1 806
1 503
4 43
4 115
1 691
1 726
1 116
1 813
1 378
1 253
5 2
1 686
3 515
3 572
4 193
3 545
1 454
1 300
1 503
1 892
2 792
4 40
2 670
2 894
4 167
1 856
1 871
1 300
1 249
4 63
1 800
1 604
5 1
1 495
